55		61

62		62

61		63

61		62

60		57

60		56

50		56

59		57

59		58

56		59

55		55

52		60

50		54

52		58

54		58

53		56

50		54

54		55

53		54

55		59

53		53

50		53

55		51

56		58

48		55

50		54

55		58

49		52

52		52

55		52

53		51

48		52

49		50

51		55

51		52

52		54

49		54

50		51

48		57

49		51

46		50

50		53

47		51

48		55

50		53

53		56

48		56

52		51

48		53

47		52

49		52

52		55

49		51

52		50

54		52

47		53

52		51

49		54

48		58

48		56

49		54

48		53

51		54

50		52

53		52

53		57

54		54

55		56

49		52

50		52

50		51

49		55

54		53

47		53

51		49

53		55

55		55

54		52

51		59

56		54

54		54

53		57

44		51

53		47

48		56

47		53

47		47

51		52

54		50

48		51

53		52

46		51

47		55

48		53

49		55

49		54

48		54

48		51

53		53

50		53

49		52

54		53

49		53

49		52

48		60

49		55

48		53

49		57

53		55

50		56

56		60

53		60

48		56

53		59

53		52

50		58

54		61

49		54

54		53

50		51

49		53

52		55

