34		43

35		37

39		38

36		38

40		35

38		37

38		35

37		41

39		37

38		38

36		38

36		38

38		38

36		42

39		38

39		38

40		38

37		40

37		38

35		42

36		35

36		38

36		37

38		38

40		39

39		42

39		40

38		40

36		41

36		38

38		38

36		35

38		35

34		37

39		41

35		35

40		38

39		38

35		40

35		39

39		35

35		37

36		38

36		35

36		40

37		37

36		35

35		39

36		44

39		41

39		42

38		38

39		44

42		41

37		43

37		42

40		41

40		36

35		39

39		41

40		38

37		39

41		39

37		39

37		39

39		44

35		41

40		39

38		39

38		43

39		40

42		38

38		41

43		42

43		42

40		44

41		39

36		38

319		43

39		45

42		40

44		39

40		39

40		43

38		44

43		41

43		39

39		38

42		39

40		39

40		42

43		42

41		42

43		37

37		42

42		39

42		40

39		39

41		43

37		40

39		40

42		39

39		42

43		40

41		46

41		39

41		44

40		43

42		39

39		40

40		41

41		40

41		37

36		39

42		38

37		44

39		39

39		41

38		41

40		39

40		38

38		42

40		42

37		43

38		38

41		39

36		37

40		42

38		38

40		38

35		37

