76		95

101		103

72		67

65		65

71		71

65		75

89		101

83		80

76		90

82		91

80		92

83		99

80		89

84		87

92		111

168		173

151		165

163		175

157		172

155		176

158		168

163		172

163		166

162		163

162		172

161		172

160		168

157		168

153		166

151		169

160		168

171		167

157		160

152		161

147		163

151		157

145		158

133		144

126		143

130		140

137		136

134		139

131		148

130		142

139		141

134		149

137		152

134		145

140		151

144		147

142		150

135		144

132		146

149		145

146		156

144		154

153		153

148		158

151		161

139		154

143		152

146		159

156		163

131		149

129		136

127		140

128		139

128		139

128		133

121		137

130		136

124		136

132		136

130		138

135		140

125		133

128		134

117		126

122		125

114		127

122		128

115		126

116		127

122		129

119		133

128		135

122		133

131		134

114		131

116		133

115		134

127		125

121		120

115		123

124		123

117		122

116		115

110		118

110		127

118		121

111		129

111		120

116		125

106		112

101		109

105		116

119		121

111		129

115		123

115		127

119		135

117		133

114		137

127		133

120		139

152		150

103		97

79		74

68		66

