67		75

75		84

76		70

69		70

67		76

69		74

76		75

83		93

85		89

94		93

89		104

100		116

89		96

98		101

100		101

98		102

101		103

99		101

98		105

93		100

92		98

88		91

97		96

95		95

95		102

99		99

96		94

80		90

88		94

99		95

83		92

89		97

103		105

90		104

102		103

94		101

99		99

96		108

87		108

91		95

99		101

86		104

88		98

87		103

96		95

85		94

94		90

94		102

87		95

86		101

95		99

92		98

86		91

94		91

86		95

91		105

91		99

97		98

85		104

98		97

88		96

95		108

95		105

89		100

89		100

96		97

97		96

88		94

88		99

98		94

88		103

92		95

99		105

99		102

93		97

92		99

93		97

100		111

100		99

98		102

90		101

103		109

114		113

100		107

110		126

94		100

89		112

97		104

99		99

99		101

96		102

85		91

82		97

79		92

91		96

90		95

90		90

86		95

93		89

92		100

99		102

91		101

91		105

99		103

100		108

101		105

96		107

99		103

97		98

92		106

87		97

88		100

103		98

94		108

97		105

94		100

92		112

100		99

106		100

100		105

93		103

93		104

89		105

96		112

99		109

115		132

129		132

