164		171

168		176

129		148

140		150

138		147

138		148

128		140

134		136

134		138

122		136

133		144

130		143

139		142

127		143

129		138

130		134

131		141

129		138

131		134

129		134

129		138

132		142

135		145

142		142

140		147

146		149

144		159

141		149

145		145

141		146

146		150

140		148

141		146

138		148

142		151

135		149

139		149

140		144

136		140

141		144

136		141

135		147

130		142

143		143

136		148

145		148

134		148

140		142

133		148

133		146

130		142

136		145

138		150

141		148

136		150

139		153

139		150

131		149

144		154

141		154

140		150

148		148

137		148

135		148

145		145

140		144

140		147

131		144

142		146

140		143

135		147

144		152

145		154

141		158

142		156

153		153

139		154

141		152

148		156

140		152

143		150

142		156

143		156

151		155

147		156

140		149

148		152

137		149

146		153

138		150

141		151

137		154

145		154

148		151

144		152

141		152

148		150

146		153

146		153

145		157

147		158

143		151

147		150

145		153

152		151

140		158

141		154

142		149

136		153

147		152

142		154

143		155

143		148

138		153

129		134

134		137

133		144

127		135

145		154

154		162

157		170

163		173

