90		95

93		105

92		108

103		106

93		113

105		105

98		106

95		104

308		114

105		112

95		107

107		105

101		114

100		114

100		116

107		113

108		112

97		117

102		108

107		109

109		108

114		113

109		116

101		120

113		116

107		120

107		120

107		121

120		122

119		124

121		130

118		121

105		125

109		123

107		123

115		123

112		124

104		120

110		107

100		109

102		110

99		111

105		109

111		114

106		116

111		125

108		122

103		107

111		121

102		113

105		119

106		114

98		120

101		109

105		114

104		114

99		110

109		105

97		105

107		110

108		111

109		117

100		114

100		117

102		120

110		119

110		115

110		121

107		111

109		113

99		112

100		110

96		120

112		113

104		113

96		109

101		120

104		113

103		116

107		118

106		115

108		105

101		120

110		111

108		110

101		113

105		117

106		128

115		125

107		119

118		125

121		126

108		128

111		122

117		123

106		121

110		125

294		115

108		108

108		113

108		110

108		125

113		121

114		119

111		123

106		123

115		118

114		113

108		119

108		109

92		112

109		112

104		120

97		102

99		113

106		114

100		107

83		80

