41		38

38		36

36		39

37		35

35		39

37		39

40		40

37		39

34		38

34		34

37		37

35		40

36		39

35		37

36		36

38		36

36		41

38		41

37		36

35		38

40		40

37		37

36		38

38		38

37		40

35		39

37		42

35		40

39		40

39		39

35		41

37		43

36		36

37		39

36		41

39		42

36		40

41		40

41		40

37		44

42		39

40		41

39		39

37		41

38		41

36		41

41		38

36		42

41		41

42		43

37		40

41		43

41		37

37		44

38		39

43		42

42		43

39		41

38		42

41		38

37		38

40		38

36		42

41		37

38		43

40		41

39		38

37		37

41		41

35		39

43		40

41		37

37		42

38		38

39		39

41		39

39		39

39		40

42		37

36		39

39		38

40		38

41		37

37		41

38		40

39		40

38		42

37		39

39		42

38		41

36		43

41		40

41		37

36		43

36		43

36		38

40		38

35		40

38		41

40		40

38		41

36		43

36		41

37		41

39		42

36		37

41		37

38		38

34		40

42		39

35		38

41		39

37		43

39		38

42		41

36		42

41		41

42		41

37		42

36		36

39		38

42		40

40		42

37		38

35		39

37		40

