90		90

85		86

82		80

76		82

77		77

73		88

85		86

85		80

75		95

80		91

85		85

75		87

78		93

84		89

87		88

78		82

77		93

75		83

86		82

80		85

84		87

85		82

87		84

81		86

82		95

76		87

85		86

82		88

74		74

77		88

86		81

80		89

79		82

70		85

66		79

76		76

83		78

80		79

69		86

74		85

73		82

85		81

86		80

82		90

77		84

78		88

75		89

76		91

80		96

84		94

93		88

86		89

81		99

82		82

84		88

83		93

85		86

79		91

80		87

73		86

85		80

83		83

75		88

83		95

87		96

89		84

72		82

85		78

86		79

81		82

82		86

76		90

81		83

92		85

85		99

89		84

71		82

89		87

76		85

77		82

78		80

88		85

89		100

80		94

91		99

90		92

80		82

84		89

81		85

81		90

87		95

86		91

100		101

85		101

86		101

87		97

85		102

90		88

85		92

82		94

90		89

89		88

90		87

95		92

89		100

82		94

73		86

77		87

80		88

81		87

74		85

83		89

77		94

83		87

82		86

83		84

76		87

75		89

79		93

91		90

80		92

79		89

75		84

80		91

82		95

72		81

76		82

94		97

