97		99

82		100

90		89

78		92

85		79

82		79

74		89

89		95

96		93

100		109

103		98

105		102

99		99

102		96

82		104

100		96

98		112

92		103

90		92

88		104

91		96

84		102

90		99

99		99

96		107

95		99

86		105

93		97

97		94

88		98

91		100

91		94

92		101

87		92

92		90

91		103

85		96

88		95

84		89

84		105

94		90

88		86

80		87

94		100

87		87

81		90

94		90

94		99

101		98

103		100

104		99

91		103

93		106

96		102

93		95

87		108

89		94

81		90

96		105

84		98

94		93

94		88

97		106

97		104

93		111

99		97

98		97

101		103

96		99

103		100

89		107

87		102

86		101

94		103

81		94

96		92

92		90

84		88

85		96

82		96

82		88

81		93

83		92

77		89

80		89

76		87

75		84

79		85

82		84

83		84

89		92

91		90

83		92

89		87

85		94

83		91

90		92

85		89

78		93

78		89

83		85

87		80

88		88

83		79

73		86

74		83

75		88

76		92

74		81

80		79

78		88

84		78

74		80

77		84

86		87

87		90

81		98

86		87

102		106

