98		110

103		120

99		128

112		120

119		128

121		138

113		124

126		135

115		136

118		130

123		131

94		111

111		106

104		119

109		116

102		117

109		108

104		107

106		115

100		105

105		106

102		113

102		117

105		116

96		109

103		119

110		108

108		112

110		108

103		107

108		117

95		112

105		106

93		105

98		106

92		98

108		104

101		102

99		107

92		98

89		98

104		93

87		97

88		97

87		102

88		103

86		95

85		96

97		106

100		104

89		107

90		99

91		103

94		110

92		101

99		100

95		96

102		104

97		102

102		102

102		98

92		110

108		105

106		117

100		116

103		113

112		120

98		102

93		102

100		99

109		104

107		100

106		105

104		105

102		110

107		106

111		107

110		115

112		112

108		111

103		111

103		121

107		113

115		110

113		109

103		111

115		110

107		111

95		111

105		102

103		103

94		110

101		112

109		107

104		120

108		107

113		117

108		109

108		109

98		112

109		109

104		102

113		112

102		101

99		111

93		109

92		110

104		98

101		110

99		109

111		116

106		120

104		115

110		117

136		142

122		139

104		121

