157		159

145		156

133		142

140		149

104		108

90		98

96		100

95		99

85		104

94		93

84		96

94		91

91		99

96		104

87		99

86		108

98		96

90		99

104		103

102		98

101		105

106		105

94		101

101		98

93		105

104		115

98		112

105		109

101		108

93		115

98		108

106		102

103		104

93		113

84		109

100		100

104		104

105		110

96		112

100		109

105		109

96		105

101		117

111		104

94		109

105		117

94		112

108		117

110		112

97		111

103		104

110		113

105		105

103		102

97		111

101		104

106		109

103		107

103		100

91		102

106		105

104		101

100		102

104		101

96		113

94		106

107		100

100		114

108		117

97		107

106		105

94		110

107		105

103		117

96		111

101		109

104		116

108		110

100		118

102		119

109		110

102		119

107		110

112		116

111		120

112		117

109		117

108		109

100		118

102		113

99		108

102		112

97		111

107		115

99		108

105		112

92		109

109		105

108		104

97		104

115		107

97		112

108		107

100		108

97		102

92		106

91		107

102		106

90		103

92		100

89		95

87		96

94		96

94		106

96		100

107		128

134		148

146		149

