150		159

139		152

143		149

142		151

141		147

153		154

140		152

144		153

147		154

148		146

144		157

136		156

148		149

139		156

138		152

147		154

140		151

137		151

143		150

148		152

140		160

150		160

148		164

145		154

151		152

145		156

146		159

126		146

133		144

133		147

141		142

140		142

142		146

142		155

126		151

131		140

141		143

132		140

139		143

143		146

142		146

127		144

138		149

148		150

138		156

145		155

131		156

138		157

148		153

143		155

154		151

152		151

141		160

136		155

143		152

147		154

140		144

143		150

150		155

142		156

152		154

148		153

140		154

145		147

147		152

148		147

136		153

139		146

128		149

147		153

148		155

140		150

141		147

148		158

147		157

148		157

140		164

146		163

147		156

151		161

151		161

141		153

143		160

144		158

150		153

148		164

144		157

145		159

151		161

148		153

145		150

159		158

142		154

145		152

149		161

149		165

154		162

145		166

150		165

148		155

146		158

140		159

149		164

153		154

147		153

142		150

146		153

140		156

139		160

155		157

