55		61

46		46

52		49

47		52

51		52

46		50

46		50

47		50

48		53

49		51

53		54

49		51

47		56

51		49

49		49

47		52

49		51

49		51

49		49

47		48

48		49

49		50

50		48

48		45

44		48

49		46

44		53

45		48

50		51

46		49

47		46

46		53

45		52

52		55

51		50

48		52

48		51

50		51

47		59

54		53

53		54

52		52

50		52

48		52

48		54

51		51

53		54

48		53

50		53

48		53

54		50

47		50

47		51

50		51

47		50

52		50

49		49

53		50

50		51

52		53

47		49

50		54

49		52

53		47

50		57

54		50

50		49

52		54

53		53

51		50

53		55

48		57

51		50

52		55

48		48

50		50

47		51

46		53

48		54

48		53

53		51

52		51

51		57

49		54

53		56

49		51

51		54

48		57

51		51

53		54

52		56

51		56

53		55

49		58

56		57

50		56

57		51

55		53

48		54

55		59

49		56

49		53

51		51

54		60

52		52

48		54

56		59

55		52

51		56

57		60

54		58

58		66

