58		60

51		64

52		58

53		66

53		64

58		61

57		59

51		62

57		63

57		53

52		59

61		64

57		59

58		66

67		65

64		67

59		61

53		60

54		60

60		59

54		60

56		61

59		61

53		59

58		58

57		64

59		64

54		57

52		57

53		63

58		55

55		56

57		55

55		53

49		53

48		56

48		57

51		52

47		59

49		60

55		56

53		54

56		55

51		54

53		54

53		52

51		51

49		53

47		58

53		53

49		56

53		52

54		55

50		58

50		55

55		52

53		54

47		55

49		53

47		56

49		58

50		53

54		56

49		54

52		54

55		52

49		54

54		55

52		58

48		59

56		54

51		59

50		54

49		52

53		57

52		58

50		56

56		56

51		52

56		60

49		62

57		55

51		54

58		53

50		53

59		58

54		56

53		61

50		55

54		57

51		59

52		62

309		54

51		53

56		65

59		60

61		63

50		54

54		54

48		56

49		51

45		54

48		57

46		54

49		54

58		57

52		58

53		61

50		55

45		49

58		54

60		68

