160		163

124		144

123		127

117		135

124		133

128		137

133		141

128		143

126		138

125		140

131		136

128		138

132		144

132		137

135		142

137		148

138		151

135		140

138		155

132		144

147		144

144		150

142		142

140		149

131		151

136		146

136		140

139		147

131		147

135		130

134		145

128		147

129		144

127		143

131		141

135		148

136		139

132		140

138		144

135		149

139		142

137		150

140		144

132		142

141		145

137		148

149		155

145		150

144		147

137		138

135		154

145		150

147		154

140		153

146		154

139		148

141		148

140		150

147		145

145		153

148		149

135		149

139		145

144		147

137		152

144		154

144		147

148		158

146		148

143		146

145		150

150		155

144		147

139		148

136		146

134		151

143		150

136		148

141		150

139		148

144		150

138		155

135		153

138		151

138		151

131		147

138		151

135		146

140		141

134		143

143		144

137		146

139		147

134		140

135		149

139		146

134		141

129		141

127		142

134		139

128		144

135		142

136		149

136		144

141		149

135		150

145		151

140		143

139		146

131		150

142		144

145		153

142		145

140		151

151		161

144		151

156		168

162		164

172		181

