67		72

68		73

64		71

55		65

67		83

68		82

83		86

79		88

71		91

80		92

84		88

86		99

80		91

91		97

82		94

83		96

96		95

87		96

85		97

87		95

82		104

93		96

90		91

80		93

77		95

85		96

76		91

77		92

80		90

88		93

85		89

87		97

80		95

89		88

83		88

80		98

93		88

85		89

86		88

89		90

80		89

86		85

76		92

89		96

80		89

88		87

82		86

77		85

80		85

80		91

74		80

79		77

81		81

71		86

83		84

78		85

86		84

85		87

78		91

76		91

86		96

83		90

78		89

76		92

83		94

77		91

75		84

75		88

77		89

70		86

83		80

82		82

82		81

75		83

72		80

83		89

80		88

77		80

73		88

70		80

82		87

74		89

77		77

73		85

76		75

73		78

81		81

74		81

70		84

76		79

70		77

68		74

69		81

70		81

70		84

71		76

77		78

67		76

69		76

69		80

71		85

75		76

81		86

75		80

69		86

81		82

69		83

70		81

69		80

78		77

78		72

60		58

55		51

59		73

71		79

