58		58

52		49

46		52

53		58

55		66

62		70

68		65

63		74

73		73

72		72

59		63

57		68

67		68

73		71

71		83

76		81

66		71

72		75

68		74

63		77

76		77

75		72

74		81

73		72

64		76

64		72

67		75

64		74

71		69

61		73

63		69

71		71

67		76

66		75

66		84

69		74

68		75

66		74

73		72

67		74

70		71

76		78

69		81

70		75

76		75

76		85

70		79

74		80

82		80

75		79

75		83

75		84

75		80

80		78

76		86

78		80

63		72

58		62

61		64

70		64

68		76

64		75

72		71

74		79

68		80

74		72

74		72

74		77

72		72

64		69

73		69

66		66

66		66

60		73

62		72

64		79

71		76

72		70

67		67

64		77

66		71

62		71

62		68

68		71

62		69

61		67

59		72

59		62

55		69

66		64

61		66

61		65

67		70

71		74

69		71

69		71

69		67

71		74

71		71

71		69

66		69

66		77

63		73

72		79

70		77

63		73

67		76

70		70

64		73

65		64

65		67

59		71

52		60

43		45

51		55

51		52

49		48

42		43

45		46

