35		34

32		34

33		36

35		35

35		36

34		32

32		35

33		31

31		30

34		31

30		33

33		32

31		31

33		32

31		32

32		35

31		31

32		34

32		35

33		33

32		35

33		35

31		33

30		34

33		34

31		35

33		32

35		34

32		35

36		33

36		34

31		33

35		33

33		33

32		34

35		34

35		34

32		37

31		36

33		37

34		32

32		35

35		34

34		36

35		33

32		33

34		33

30		32

31		33

35		34

32		37

33		35

33		33

36		37

36		32

35		36

35		34

35		34

36		34

35		38

37		37

36		36

34		34

33		36

33		35

33		35

35		34

36		38

37		36

33		37

36		34

34		36

34		37

36		38

34		33

34		35

32		32

36		33

33		37

32		33

34		36

34		38

35		38

34		33

35		34

31		34

34		34

36		35

35		34

36		35

33		38

34		38

35		34

36		33

35		35

33		37

36		36

33		34

36		36

32		39

36		36

33		39

34		35

38		36

35		37

36		38

34		36

33		36

37		38

32		36

32		34

33		33

36		36

36		38

32		37

35		38

36		35

33		35

33		34

