79		79

75		75

68		63

63		67

67		72

67		68

60		73

61		72

70		71

65		72

67		77

66		74

73		77

69		69

63		68

66		72

69		72

67		81

79		77

66		73

69		72

69		74

66		78

64		80

74		77

69		80

80		83

78		81

79		78

75		88

72		79

72		78

86		89

75		92

90		88

77		88

85		84

78		80

82		80

81		80

80		85

73		89

73		79

81		78

75		73

75		79

79		77

79		77

82		82

79		79

79		78

73		81

79		82

79		89

82		89

74		86

84		85

87		80

75		88

79		88

85		83

88		83

81		89

88		88

84		81

70		82

75		85

73		85

78		78

80		76

85		74

86		81

84		103

96		104

76		86

74		79

67		76

69		63

70		65

66		64

62		62

66		63

66		72

64		72

77		69

64		66

74		66

68		71

70		77

67		70

67		74

76		71

71		71

66		72

70		70

70		82

81		81

73		84

79		85

70		87

71		73

69		83

67		81

79		85

78		78

68		85

74		84

77		79

84		80

67		71

65		74

72		77

66		77

64		73

