38		42

34		38

39		39

34		37

34		38

36		38

39		38

38		42

37		41

35		36

39		40

35		40

38		37

39		37

38		41

37		40

36		38

39		37

35		38

38		38

39		38

39		40

39		38

39		41

34		36

36		37

35		40

39		38

33		37

35		39

35		39

39		37

36		38

39		38

39		37

36		39

37		38

40		37

38		36

35		39

39		35

37		37

33		37

36		39

35		37

39		37

35		40

34		36

36		39

37		42

42		40

40		38

37		39

41		36

38		38

37		37

39		37

37		41

39		40

38		39

39		41

41		40

41		43

40		38

40		38

38		36

38		36

37		40

38		42

34		37

39		41

41		37

39		41

39		37

34		34

39		36

38		38

37		36

35		37

38		38

39		37

36		35

37		34

34		37

37		36

40		36

34		39

35		35

35		37

37		40

35		38

39		38

34		37

39		36

33		37

39		36

38		40

35		36

36		36

35		34

38		37

37		35

38		34

34		37

38		32

35		37

36		40

36		35

37		34

36		37

32		36

35		38

41		41

37		42

40		40

