# Average Node Life-time
# Nodes		AD-ZRP			EA AD-ZRP		Min			Max    
20		35.1079714500		42.5684716000		33.3140100000		121.724960000
40		23.6974827250		35.4909000250		31.2452730000		49.7518850000
60		19.0465943500		31.8791530167		28.6084600000		39.3501800000
80		19.3212059250		32.1945306750		29.6958260000		36.2814790000
100		19.5872259400		30.1433669500		27.7029330000		33.6765560000
120		17.0068322917		30.1640698167		27.8961420000		33.2844760000
150		17.2096733800		29.2599648933		26.6482900000		33.7587330000
170		16.4052446647		30.0380085294		27.2063070000		35.0012160000
200		16.6654311800		28.8389684400		26.4621100000		33.3616300000
