run:
Mar 22, 2011 10:17:53 AM br.ufsc.lisha.ToolManager.ToolManager <init>
INFO: Application Driven Embedded Systems Design Tool Suite starting execution.

Mar 22, 2011 10:17:53 AM br.ufsc.lisha.ToolManager.ToolManager initBasePathName
WARNING: Could not get $ADESDTOOL environment variable.
Mar 22, 2011 10:17:53 AM br.ufsc.lisha.ToolManager.ToolManager initBasePathName
WARNING: Basepath setted to default pwd: '/export/arliones/adesdtool_workingdirectory/tools/dsetool/eposdsetool/../../
Mar 22, 2011 10:18:01 AM java.util.prefs.FileSystemPreferences$7 run
WARNING: Prefs file removed in background /home/arliones/.java/.userPrefs/br/ufsc/lisha/ToolManager/prefs.xml
Mar 22, 2011 10:18:01 AM br.ufsc.lisha.ToolManager.System.SystemLog_View1 <init>
INFO: Handler installed.
Mar 22, 2011 10:18:01 AM br.ufsc.lisha.ToolManager.System.SystemLog_View1 <init>
INFO: ADESD Tool Suite by Rafael Luiz Cancian is running...
Mar 22, 2011 10:18:01 AM br.ufsc.lisha.ToolManager.ToolManager_View1 loadPreferences
WARNING: Error: java.lang.NullPointerException
Mar 22, 2011 10:18:01 AM br.ufsc.lisha.ToolManager.ToolManager_View1 loadPreferences
WARNING: Error: java.lang.NullPointerException
Mar 22, 2011 10:18:12 AM br.ufsc.lisha.util.UtilGUI LoadFormLocation
WARNING: Error: java.lang.NullPointerException
90.363052940386        0.0        0.3399376599920183        0.0
192.85362638829844        0.0        0.3399064899883409        0.0
35.99979251542962        0.0        0.3399688299956961        0.0
68.55007024698475        0.0        0.3399376599920183        0.0
133.5424726391761        0.0        0.3399064899883409        0.0
8.656391729554581        0.0        0.3399922074984547        0.0
Iteration 0 completed.
168.6251798209607        0.0        0.3399064899883409        0.0
131.60625148905643        0.0        0.3399064899883409        0.0
189.75794743359765        0.0        0.3399064899883409        0.0
139.93889964860486        0.0        0.3399064899883409        0.0
184.90634331288254        0.0        0.3399064899883409        0.0
142.72700234411505        0.0        0.3399064899883409        0.0
182.36996796504587        0.0        0.3399064899883409        0.0
181.49655389288787        0.0        0.3399064899883409        0.0
42.15819179083059        0.0        0.3399625959949604        0.0
172.76982750584187        0.0        0.3399064899883409        0.0
144.67880159582478        0.0        0.3399064899883409        0.0
139.89283034381089        0.0        0.3399064899883409        0.0
118.48853181838061        0.0        0.3399064899883409        0.0
174.01341332740793        0.0        0.3399064899883409        0.0
146.21931568197027        0.0        0.3399064899883409        0.0
196.1826782594918        0.0        0.3399064899883409        0.0
156.45757021924643        0.0        0.3399064899883409        0.0
12.415887633795908        0.0        0.33998899880605427        0.0
148.63615668961182        0.0        0.3399064899883409        0.0
199.64655864125896        0.0        0.3399064899883409        0.0
148.0217399427196        0.0        0.3399064899883409        0.0
36.95129981324596        0.0        0.3399688299956961        0.0
179.2545847770946        0.0        0.3399064899883409        0.0
22.884739237257822        0.0        0.33997921999671676        0.0
150.93743314509803        0.0        0.3399064899883409        0.0
181.71488816796654        0.0        0.3399064899883409        0.0
122.37948370359292        0.0        0.3399064899883409        0.0
159.60289887110434        0.0        0.3399064899883409        0.0
79.3280621075688        0.0        0.3399376599920183        0.0
13.076682622391495        0.0        0.3399883112478409        0.0
71.5144573214591        0.0        0.3399376599920183        0.0
178.6515724238715        0.0        0.3399064899883409        0.0
194.90777709627486        0.0        0.3399064899883409        0.0
32.02056444822402        0.0        0.33997328289025147        0.0
160.11271247788804        0.0        0.3399064899883409        0.0
61.33800446871869        0.0        0.3399532449938571        0.0
140.40225229473688        0.0        0.3399064899883409        0.0
120.91970481665577        0.0        0.3399064899883409        0.0
94.13176906139911        0.0        0.3399376599920183        0.0
43.78151209835198        0.0        0.3399625959949604        0.0
102.98010148262776        0.0        0.3399064899883409        0.0
84.32571444963952        0.0        0.3399376599920183        0.0
46.574170846577026        0.0        0.3399625959949604        0.0
162.04471571788886        0.0        0.3399064899883409        0.0
73.06862442423555        0.0        0.3399376599920183        0.0
174.9699343236285        0.0        0.3399064899883409        0.0
142.37274017989145        0.0        0.3399064899883409        0.0
55.001178048083474        0.0        0.3399532449938571        0.0
172.69727078942938        0.0        0.3399064899883409        0.0
119.02525494159889        0.0        0.3399064899883409        0.0
61.38099775202964        0.0        0.3399532449938571        0.0
118.37520142574512        0.0        0.3399064899883409        0.0
67.56499751515257        0.0        0.3399376599920183        0.0
58.76464771750767        0.0        0.3399532449938571        0.0
117.89394388742863        0.0        0.3399064899883409        0.0
23.130089476775698        0.0        0.33997921999671676        0.0
148.30381138275717        0.0        0.3399064899883409        0.0
16.12325063550528        0.0        0.3399856137436661        0.0
137.05245876040536        0.0        0.3399064899883409        0.0
112.33142886660188        0.0        0.3399064899883409        0.0
68.96952370489056        0.0        0.3399376599920183        0.0
147.2564586818074        0.0        0.3399064899883409        0.0
141.62719403586678        0.0        0.3399064899883409        0.0
72.86936008049157        0.0        0.3399376599920183        0.0
164.55225539634299        0.0        0.3399064899883409        0.0
6.049534483746653        0.0        0.3399944992726854        0.0
87.11085557433348        0.0        0.3399376599920183        0.0
141.8701897019512        0.0        0.3399064899883409        0.0
34.36949963731224        0.0        0.3399688299956961        0.0
63.62162631806493        0.0        0.3399532449938571        0.0
38.70013705606242        0.0        0.3399688299956961        0.0
152.38194532244137        0.0        0.3399064899883409        0.0
174.46138072605046        0.0        0.3399064899883409        0.0
41.24291765146186        0.0        0.3399625959949604        0.0
70.66859690995926        0.0        0.3399376599920183        0.0
148.87154313748673        0.0        0.3399064899883409        0.0
169.6811345212829        0.0        0.3399064899883409        0.0
5.653509769795214        0.0        0.339994804998556        0.0
186.79300369240704        0.0        0.3399064899883409        0.0
110.31517835245072        0.0        0.3399064899883409        0.0
14.926763307682565        0.0        0.3399866413147839        0.0
48.652327335159065        0.0        0.3399625959949604        0.0
109.91093521291114        0.0        0.3399064899883409        0.0
107.12932394249411        0.0        0.3399064899883409        0.0
25.029579104664045        0.0        0.3399766224966156        0.0
126.90993056032775        0.0        0.3399064899883409        0.0
69.34793545653032        0.0        0.3399376599920183        0.0
187.92224080236107        0.0        0.3399064899883409        0.0
114.0897351817051        0.0        0.3399064899883409        0.0
73.31497464170201        0.0        0.3399376599920183        0.0
126.87664220742936        0.0        0.3399064899883409        0.0
43.020068391926586        0.0        0.3399625959949604        0.0
177.5852016702881        0.0        0.3399064899883409        0.0
107.76485064194854        0.0        0.3399064899883409        0.0
125.02158277048198        0.0        0.3399064899883409        0.0
23.9441267224863        0.0        0.33997921999671676        0.0
94.37872509689312        0.0        0.3399376599920183        0.0
173.1680561933192        0.0        0.3399064899883409        0.0
15.944074725036344        0.0        0.3399856137436661        0.0
11.506552199973353        0.0        0.3399896099979429        0.0
Iteration 1/50 completed.
141.62719403586678        0.0        0.3399064899883409        0.0
120.91970481665577        0.0        0.3399064899883409        0.0
114.53546817538941        0.0        0.3399064899883409        0.0
52.404630971570114        0.0        0.3399532449938571        0.0
117.89394388742863        0.0        0.3399064899883409        0.0
117.89394388742863        0.0        0.3399064899883409        0.0
152.38194532244137        0.0        0.3399064899883409        0.0
156.45757021924643        0.0        0.3399064899883409        0.0
107.12932394249411        0.0        0.3399064899883409        0.0
107.12932394249411        0.0        0.3399064899883409        0.0
148.30381138275717        0.0        0.3399064899883409        0.0
148.30381138275717        0.0        0.3399064899883409        0.0
46.574170846577026        0.0        0.3399625959949604        0.0
46.574170846577026        0.0        0.3399625959949604        0.0
148.87154313748673        0.0        0.3399064899883409        0.0
141.62719403586678        0.0        0.3399064899883409        0.0
71.32082669110854        0.0        0.3399376599920183        0.0
69.34793545653032        0.0        0.3399376599920183        0.0
105.5136538141495        0.0        0.3399064899883409        0.0
112.33142886660188        0.0        0.3399064899883409        0.0
Iteration 2/50 completed.
133.81663056228544        0.0        0.3399064899883409        0.0
194.90777709627486        0.0        0.3399064899883409        0.0
150.93743314509803        0.0        0.3399064899883409        0.0
150.93743314509803        0.0        0.3399064899883409        0.0
182.36996796504587        0.0        0.3399064899883409        0.0
133.70154875947068        0.0        0.3399064899883409        0.0
Exception in thread "Timer-0" java.lang.AbstractMethodError: gnu.xml.dom.DomDocument.getXmlStandalone()Z
        at com.sun.org.apache.xalan.internal.xsltc.trax.DOM2TO.setDocumentInfo(DOM2TO.java:377)
        at com.sun.org.apache.xalan.internal.xsltc.trax.DOM2TO.parse(DOM2TO.java:131)
        at com.sun.org.apache.xalan.internal.xsltc.trax.DOM2TO.parse(DOM2TO.java:98)
        at com.sun.org.apache.xalan.internal.xsltc.trax.TransformerImpl.transformIdentity(TransformerImpl.java:665)
        at com.sun.org.apache.xalan.internal.xsltc.trax.TransformerImpl.transform(TransformerImpl.java:711)
        at com.sun.org.apache.xalan.internal.xsltc.trax.TransformerImpl.transform(TransformerImpl.java:317)
        at java.util.prefs.XmlSupport.writeDoc(XmlSupport.java:276)
        at java.util.prefs.XmlSupport.exportMap(XmlSupport.java:355)
        at java.util.prefs.FileSystemPreferences$8.run(FileSystemPreferences.java:624)
        at java.security.AccessController.doPrivileged(Native Method)
        at java.util.prefs.FileSystemPreferences.writeBackCache(FileSystemPreferences.java:617)
        at java.util.prefs.FileSystemPreferences.syncSpiPrivileged(FileSystemPreferences.java:801)
        at java.util.prefs.FileSystemPreferences.access$2300(FileSystemPreferences.java:50)
        at java.util.prefs.FileSystemPreferences$13.run(FileSystemPreferences.java:771)
        at java.security.AccessController.doPrivileged(Native Method)
        at java.util.prefs.FileSystemPreferences.syncSpi(FileSystemPreferences.java:769)
        at java.util.prefs.AbstractPreferences.sync2(AbstractPreferences.java:1334)
        at java.util.prefs.AbstractPreferences.sync2(AbstractPreferences.java:1339)
        at java.util.prefs.AbstractPreferences.sync2(AbstractPreferences.java:1339)
        at java.util.prefs.AbstractPreferences.sync2(AbstractPreferences.java:1339)
        at java.util.prefs.AbstractPreferences.sync2(AbstractPreferences.java:1339)
        at java.util.prefs.AbstractPreferences.sync(AbstractPreferences.java:1325)
        at java.util.prefs.FileSystemPreferences.sync(FileSystemPreferences.java:748)
        at java.util.prefs.FileSystemPreferences.flush(FileSystemPreferences.java:824)
        at java.util.prefs.FileSystemPreferences.syncWorld(FileSystemPreferences.java:468)
        at java.util.prefs.FileSystemPreferences.access$1200(FileSystemPreferences.java:50)
        at java.util.prefs.FileSystemPreferences$4.run(FileSystemPreferences.java:436)
        at java.util.TimerThread.mainLoop(Timer.java:534)
        at java.util.TimerThread.run(Timer.java:484)
73.06862442423555        0.0        0.3399376599920183        0.0
79.3280621075688        0.0        0.3399376599920183        0.0
159.60289887110434        0.0        0.3399064899883409        0.0
165.47253171120903        0.0        0.3399064899883409        0.0
102.98010148262776        0.0        0.3399064899883409        0.0
102.98010148262776        0.0        0.3399064899883409        0.0
141.62719403586678        0.0        0.3399064899883409        0.0
148.87154313748673        0.0        0.3399064899883409        0.0
125.8482669837399        0.0        0.3399064899883409        0.0
120.91970481665577        0.0        0.3399064899883409        0.0
172.76982750584187        0.0        0.3399064899883409        0.0
141.62719403586678        0.0        0.3399064899883409        0.0
107.12932394249411        0.0        0.3399064899883409        0.0
141.8701897019512        0.0        0.3399064899883409        0.0
Iteration 3/50 completed.
153.44576398871055        0.0        0.3399064899883409        0.0
164.55225539634299        0.0        0.3399064899883409        0.0
178.6515724238715        0.0        0.3399064899883409        0.0
178.6515724238715        0.0        0.3399064899883409        0.0
133.70154875947068        0.0        0.3399064899883409        0.0
126.90993056032775        0.0        0.3399064899883409        0.0
107.12932394249411        0.0        0.3399064899883409        0.0
152.38194532244137        0.0        0.3399064899883409        0.0
112.33142886660188        0.0        0.3399064899883409        0.0
112.33142886660188        0.0        0.3399064899883409        0.0
114.0897351817051        0.0        0.3399064899883409        0.0
141.62719403586678        0.0        0.3399064899883409        0.0
168.6251798209607        0.0        0.3399064899883409        0.0
194.90777709627486        0.0        0.3399064899883409        0.0
146.21931568197027        0.0        0.3399064899883409        0.0
146.21931568197027        0.0        0.3399064899883409        0.0
110.31517835245072        0.0        0.3399064899883409        0.0
110.31517835245072        0.0        0.3399064899883409        0.0
168.6251798209607        0.0        0.3399064899883409        0.0
125.8482669837399        0.0        0.3399064899883409        0.0
Iteration 4/50 completed.
150.93743314509803        0.0        0.3399064899883409        0.0
150.93743314509803        0.0        0.3399064899883409        0.0
178.6515724238715        0.0        0.3399064899883409        0.0
178.6515724238715        0.0        0.3399064899883409        0.0
174.46138072605046        0.0        0.3399064899883409        0.0
125.8482669837399        0.0        0.3399064899883409        0.0
152.38194532244137        0.0        0.3399064899883409        0.0
148.30381138275717        0.0        0.3399064899883409        0.0
148.30381138275717        0.0        0.3399064899883409        0.0
148.30381138275717        0.0        0.3399064899883409        0.0
141.62719403586678        0.0        0.3399064899883409        0.0
141.62719403586678        0.0        0.3399064899883409        0.0
159.60289887110434        0.0        0.3399064899883409        0.0
159.60289887110434        0.0        0.3399064899883409        0.0
141.62719403586678        0.0        0.3399064899883409        0.0
155.5765487927876        0.0        0.3399064899883409        0.0
102.98010148262776        0.0        0.3399064899883409        0.0
148.30381138275717        0.0        0.3399064899883409        0.0
153.27241746392983        0.0        0.3399064899883409        0.0
142.37274017989145        0.0        0.3399064899883409        0.0
Iteration 5/50 completed.
102.98010148262776        0.0        0.3399064899883409        0.0
169.6811345212829        0.0        0.3399064899883409        0.0
110.31517835245072        0.0        0.3399064899883409        0.0
168.6251798209607        0.0        0.3399064899883409        0.0
110.31517835245072        0.0        0.3399064899883409        0.0
110.31517835245072        0.0        0.3399064899883409        0.0
114.0897351817051        0.0        0.3399064899883409        0.0
169.6811345212829        0.0        0.3399064899883409        0.0
168.6251798209607        0.0        0.3399064899883409        0.0
170.95228005587734        0.0        0.3399064899883409        0.0
174.9699343236285        0.0        0.3399064899883409        0.0
174.46138072605046        0.0        0.3399064899883409        0.0
125.49069194412061        0.0        0.3399064899883409        0.0
112.33142886660188        0.0        0.3399064899883409        0.0
178.6515724238715        0.0        0.3399064899883409        0.0
178.6515724238715        0.0        0.3399064899883409        0.0
174.9699343236285        0.0        0.3399064899883409        0.0
174.9699343236285        0.0        0.3399064899883409        0.0
172.76982750584187        0.0        0.3399064899883409        0.0
129.98680226014466        0.0        0.3399064899883409        0.0
Iteration 6/50 completed.
148.87154313748673        0.0        0.3399064899883409        0.0
155.5765487927876        0.0        0.3399064899883409        0.0
126.90993056032775        0.0        0.3399064899883409        0.0
126.90993056032775        0.0        0.3399064899883409        0.0
172.76982750584187        0.0        0.3399064899883409        0.0
170.95228005587734        0.0        0.3399064899883409        0.0
126.90990940339307        0.0        0.3399064899883409        0.0
126.87664220742936        0.0        0.3399064899883409        0.0
126.90993056032775        0.0        0.3399064899883409        0.0
126.90993056032775        0.0        0.3399064899883409        0.0
126.87664220742936        0.0        0.3399064899883409        0.0
126.87664220742936        0.0        0.3399064899883409        0.0
168.6251798209607        0.0        0.3399064899883409        0.0
168.6251798209607        0.0        0.3399064899883409        0.0
148.90788375891285        0.0        0.3399064899883409        0.0
148.30381138275717        0.0        0.3399064899883409        0.0
187.92224080236107        0.0        0.3399064899883409        0.0
187.92224080236107        0.0        0.3399064899883409        0.0
105.5136538141495        0.0        0.3399064899883409        0.0
105.5136538141495        0.0        0.3399064899883409        0.0
Iteration 7/50 completed.
159.60289887110434        0.0        0.3399064899883409        0.0
159.60289887110434        0.0        0.3399064899883409        0.0
148.30381138275717        0.0        0.3399064899883409        0.0
150.93743314509803        0.0        0.3399064899883409        0.0
146.21931568197027        0.0        0.3399064899883409        0.0
168.6251798209607        0.0        0.3399064899883409        0.0
189.75794743359765        0.0        0.3399064899883409        0.0
189.75794743359765        0.0        0.3399064899883409        0.0
148.30381138275717        0.0        0.3399064899883409        0.0
148.30381138275717        0.0        0.3399064899883409        0.0
125.8482669837399        0.0        0.3399064899883409        0.0
125.8482669837399        0.0        0.3399064899883409        0.0
168.6251798209607        0.0        0.3399064899883409        0.0
168.6251798209607        0.0        0.3399064899883409        0.0
169.6811345212829        0.0        0.3399064899883409        0.0
169.6811345212829        0.0        0.3399064899883409        0.0
148.63615668961182        0.0        0.3399064899883409        0.0
148.63615668961182        0.0        0.3399064899883409        0.0
114.53546817538941        0.0        0.3399064899883409        0.0
114.53546817538941        0.0        0.3399064899883409        0.0
Iteration 8/50 completed.
146.21931568197027        0.0        0.3399064899883409        0.0
182.36996796504587        0.0        0.3399064899883409        0.0
173.1680561933192        0.0        0.3399064899883409        0.0
148.87154313748673        0.0        0.3399064899883409        0.0
148.0217399427196        0.0        0.3399064899883409        0.0
148.63615668961182        0.0        0.3399064899883409        0.0
174.3157156804215        0.0        0.3399064899883409        0.0
114.0897351817051        0.0        0.3399064899883409        0.0
174.9699343236285        0.0        0.3399064899883409        0.0
174.9699343236285        0.0        0.3399064899883409        0.0
107.76485064194854        0.0        0.3399064899883409        0.0
107.76485064194854        0.0        0.3399064899883409        0.0
150.93743314509803        0.0        0.3399064899883409        0.0
162.19621200681178        0.0        0.3399064899883409        0.0
133.70154875947068        0.0        0.3399064899883409        0.0
133.70154875947068        0.0        0.3399064899883409        0.0
142.37274017989145        0.0        0.3399064899883409        0.0
142.37274017989142        0.0        0.3399064899883409        0.0
125.8482669837399        0.0        0.3399064899883409        0.0
125.8482669837399        0.0        0.3399064899883409        0.0
Iteration 9/50 completed.
168.6251798209607        0.0        0.3399064899883409        0.0
173.1680561933192        0.0        0.3399064899883409        0.0
135.12834911105762        0.0        0.3399064899883409        0.0
148.30381138275717        0.0        0.3399064899883409        0.0
110.31517835245072        0.0        0.3399064899883409        0.0
125.8482669837399        0.0        0.3399064899883409        0.0
168.6251798209607        0.0        0.3399064899883409        0.0
168.6251798209607        0.0        0.3399064899883409        0.0
140.40225229473688        0.0        0.3399064899883409        0.0
140.40225229473688        0.0        0.3399064899883409        0.0
114.0897351817051        0.0        0.3399064899883409        0.0
126.87664220742936        0.0        0.3399064899883409        0.0
189.75794743359765        0.0        0.3399064899883409        0.0
177.68884838088843        0.0        0.3399064899883409        0.0
168.6251798209607        0.0        0.3399064899883409        0.0
168.6251798209607        0.0        0.3399064899883409        0.0
126.90993056032775        0.0        0.3399064899883409        0.0
194.90777709627486        0.0        0.3399064899883409        0.0
107.76485064194854        0.0        0.3399064899883409        0.0
178.6515724238715        0.0        0.3399064899883409        0.0
Iteration 10/50 completed.
126.87664220742936        0.0        0.3399064899883409        0.0
107.12932394249411        0.0        0.3399064899883409        0.0
150.93743314509803        0.0        0.3399064899883409        0.0
126.90993056032775        0.0        0.3399064899883409        0.0
146.21931568197027        0.0        0.3399064899883409        0.0
112.33142886660188        0.0        0.3399064899883409        0.0
122.37948370359292        0.0        0.3399064899883409        0.0
122.37948370359292        0.0        0.3399064899883409        0.0
168.6251798209607        0.0        0.3399064899883409        0.0
168.6251798209607        0.0        0.3399064899883409        0.0
150.93743314509803        0.0        0.3399064899883409        0.0
187.92224080236107        0.0        0.3399064899883409        0.0
124.08349767711097        0.0        0.3399064899883409        0.0
115.67435578018771        0.0        0.3399064899883409        0.0
125.8482669837399        0.0        0.3399064899883409        0.0
125.8482669837399        0.0        0.3399064899883409        0.0
107.12932394249411        0.0        0.3399064899883409        0.0
134.92821277997277        0.0        0.3399064899883409        0.0
173.1680561933192        0.0        0.3399064899883409        0.0
173.1680561933192        0.0        0.3399064899883409        0.0
Iteration 11/50 completed.
148.30381138275717        0.0        0.3399064899883409        0.0
148.30381138275717        0.0        0.3399064899883409        0.0
150.93743314509803        0.0        0.3399064899883409        0.0
133.70154875947068        0.0        0.3399064899883409        0.0
126.90993056032775        0.0        0.3399064899883409        0.0
126.90993056032775        0.0        0.3399064899883409        0.0
107.76485064194854        0.0        0.3399064899883409        0.0
126.87664220742936        0.0        0.3399064899883409        0.0
187.92224080236107        0.0        0.3399064899883409        0.0
188.1527399593387        0.0        0.3399064899883409        0.0
182.36996796504587        0.0        0.3399064899883409        0.0
182.36996796504587        0.0        0.3399064899883409        0.0
173.1680561933192        0.0        0.3399064899883409        0.0
187.92224080236107        0.0        0.3399064899883409        0.0
102.98010148262776        0.0        0.3399064899883409        0.0
102.98010148262776        0.0        0.3399064899883409        0.0
110.31517835245072        0.0        0.3399064899883409        0.0
110.31517835245072        0.0        0.3399064899883409        0.0
179.2545847770946        0.0        0.3399064899883409        0.0
179.2545847770946        0.0        0.3399064899883409        0.0
Iteration 12/50 completed.
110.31517835245072        0.0        0.3399064899883409        0.0
115.67435578018771        0.0        0.3399064899883409        0.0
129.76960072586925        0.0        0.3399064899883409        0.0
162.32539386637345        0.0        0.3399064899883409        0.0
146.21931568197027        0.0        0.3399064899883409        0.0
159.60289887110434        0.0        0.3399064899883409        0.0
172.76982750584187        0.0        0.3399064899883409        0.0
172.76982750584187        0.0        0.3399064899883409        0.0
182.36996796504587        0.0        0.3399064899883409        0.0
178.7463212866472        0.0        0.3399064899883409        0.0
174.9699343236285        0.0        0.3399064899883409        0.0
174.9699343236285        0.0        0.3399064899883409        0.0
125.8482669837399        0.0        0.3399064899883409        0.0
125.8482669837399        0.0        0.3399064899883409        0.0
155.5765487927876        0.0        0.3399064899883409        0.0
150.93743314509803        0.0        0.3399064899883409        0.0
173.1680561933192        0.0        0.3399064899883409        0.0
171.1080572315528        0.0        0.3399064899883409        0.0
122.14519776901925        0.0        0.3399064899883409        0.0
150.93743314509803        0.0        0.3399064899883409        0.0
Iteration 13/50 completed.
168.6251798209607        0.0        0.3399064899883409        0.0
168.6251798209607        0.0        0.3399064899883409        0.0
149.78069829469015        0.0        0.3399064899883409        0.0
114.53546817538941        0.0        0.3399064899883409        0.0
107.12932394249411        0.0        0.3399064899883409        0.0
150.93743314509803        0.0        0.3399064899883409        0.0
172.4775592111978        0.0        0.3399064899883409        0.0
102.98010148262776        0.0        0.3399064899883409        0.0
146.21931568197027        0.0        0.3399064899883409        0.0
146.21931568197027        0.0        0.3399064899883409        0.0
126.87664220742936        0.0        0.3399064899883409        0.0
126.87664220742936        0.0        0.3399064899883409        0.0
115.58620237215075        0.0        0.3399064899883409        0.0
112.33142886660188        0.0        0.3399064899883409        0.0
112.33142886660188        0.0        0.3399064899883409        0.0
107.76485064194854        0.0        0.3399064899883409        0.0
126.90993056032775        0.0        0.3399064899883409        0.0
171.1080572315528        0.0        0.3399064899883409        0.0
126.90993056032775        0.0        0.3399064899883409        0.0
122.41608112391464        0.0        0.3399064899883409        0.0
Iteration 14/50 completed.
142.37274017989145        0.0        0.3399064899883409        0.0
142.37274017989145        0.0        0.3399064899883409        0.0
112.33142886660188        0.0        0.3399064899883409        0.0
150.93743314509803        0.0        0.3399064899883409        0.0
194.90777709627486        0.0        0.3399064899883409        0.0
194.90777709627486        0.0        0.3399064899883409        0.0
181.49655389288787        0.0        0.3399064899883409        0.0
172.76982750584187        0.0        0.3399064899883409        0.0
181.49655389288787        0.0        0.3399064899883409        0.0
173.1680561933192        0.0        0.3399064899883409        0.0
139.07679166672884        0.0        0.3399064899883409        0.0
146.21931568197027        0.0        0.3399064899883409        0.0
162.0486201494454        0.0        0.3399064899883409        0.0
114.53546817538941        0.0        0.3399064899883409        0.0
168.6251798209607        0.0        0.3399064899883409        0.0
102.98010148262776        0.0        0.3399064899883409        0.0
125.8482669837399        0.0        0.3399064899883409        0.0
125.8482669837399        0.0        0.3399064899883409        0.0
125.8482669837399        0.0        0.3399064899883409        0.0
110.31517835245072        0.0        0.3399064899883409        0.0
Iteration 15/50 completed.
148.30381138275717        0.0        0.3399064899883409        0.0
187.92224080236107        0.0        0.3399064899883409        0.0
178.6515724238715        0.0        0.3399064899883409        0.0
172.76982750584187        0.0        0.3399064899883409        0.0
114.0897351817051        0.0        0.3399064899883409        0.0
114.0897351817051        0.0        0.3399064899883409        0.0
125.8482669837399        0.0        0.3399064899883409        0.0
110.31517835245072        0.0        0.3399064899883409        0.0
189.75794743359765        0.0        0.3399064899883409        0.0
189.75794743359765        0.0        0.3399064899883409        0.0
174.9699343236285        0.0        0.3399064899883409        0.0
114.53546817538941        0.0        0.3399064899883409        0.0
148.30381138275717        0.0        0.3399064899883409        0.0
155.5765487927876        0.0        0.3399064899883409        0.0
160.11271247788804        0.0        0.3399064899883409        0.0
107.12932394249411        0.0        0.3399064899883409        0.0
174.9699343236285        0.0        0.3399064899883409        0.0
125.8482669837399        0.0        0.3399064899883409        0.0
139.07679166672884        0.0        0.3399064899883409        0.0
139.07679166672884        0.0        0.3399064899883409        0.0
Iteration 16/50 completed.
169.6811345212829        0.0        0.3399064899883409        0.0
159.60289887110434        0.0        0.3399064899883409        0.0
148.30381138275717        0.0        0.3399064899883409        0.0
125.8482669837399        0.0        0.3399064899883409        0.0
110.31517835245072        0.0        0.3399064899883409        0.0
114.53546817538941        0.0        0.3399064899883409        0.0
110.31517835245072        0.0        0.3399064899883409        0.0
110.31517835245072        0.0        0.3399064899883409        0.0
168.6251798209607        0.0        0.3399064899883409        0.0
174.9699343236285        0.0        0.3399064899883409        0.0
181.49655389288787        0.0        0.3399064899883409        0.0
181.49655389288787        0.0        0.3399064899883409        0.0
148.52470772399823        0.0        0.3399064899883409        0.0
158.85088066621614        0.0        0.3399064899883409        0.0
159.60289887110434        0.0        0.3399064899883409        0.0
159.60289887110434        0.0        0.3399064899883409        0.0
112.33142886660188        0.0        0.3399064899883409        0.0
155.5765487927876        0.0        0.3399064899883409        0.0
125.8482669837399        0.0        0.3399064899883409        0.0
138.00818688564604        0.0        0.3399064899883409        0.0
Iteration 17/50 completed.
150.93743314509803        0.0        0.3399064899883409        0.0
129.98680226014466        0.0        0.3399064899883409        0.0
175.8201163103683        0.0        0.3399064899883409        0.0
172.76982750584187        0.0        0.3399064899883409        0.0
182.36996796504587        0.0        0.3399064899883409        0.0
173.1680561933192        0.0        0.3399064899883409        0.0
172.4775592111978        0.0        0.3399064899883409        0.0
172.4775592111978        0.0        0.3399064899883409        0.0
168.6251798209607        0.0        0.3399064899883409        0.0
168.6251798209607        0.0        0.3399064899883409        0.0
126.87664220742936        0.0        0.3399064899883409        0.0
173.1680561933192        0.0        0.3399064899883409        0.0
112.33142886660188        0.0        0.3399064899883409        0.0
148.30381138275717        0.0        0.3399064899883409        0.0
150.93743314509803        0.0        0.3399064899883409        0.0
150.93743314509803        0.0        0.3399064899883409        0.0
174.9699343236285        0.0        0.3399064899883409        0.0
159.60289887110434        0.0        0.3399064899883409        0.0
150.93743314509803        0.0        0.3399064899883409        0.0
162.0486201494454        0.0        0.3399064899883409        0.0
Iteration 18/50 completed.
152.38194532244137        0.0        0.3399064899883409        0.0
102.98010148262776        0.0        0.3399064899883409        0.0
173.91933831096242        0.0        0.3399064899883409        0.0
176.139828027344        0.0        0.3399064899883409        0.0
125.8482669837399        0.0        0.3399064899883409        0.0
140.40225229473688        0.0        0.3399064899883409        0.0
107.76485064194854        0.0        0.3399064899883409        0.0
112.33142886660188        0.0        0.3399064899883409        0.0
112.33142886660188        0.0        0.3399064899883409        0.0
125.82548135122265        0.0        0.3399064899883409        0.0
160.11271247788804        0.0        0.3399064899883409        0.0
102.98010148262776        0.0        0.3399064899883409        0.0
194.90777709627486        0.0        0.3399064899883409        0.0
173.1680561933192        0.0        0.3399064899883409        0.0
173.1680561933192        0.0        0.3399064899883409        0.0
187.92224080236107        0.0        0.3399064899883409        0.0
168.6251798209607        0.0        0.3399064899883409        0.0
168.6251798209607        0.0        0.3399064899883409        0.0
150.20455642895917        0.0        0.3399064899883409        0.0
143.5640117591487        0.0        0.3399064899883409        0.0
Iteration 19/50 completed.
172.92512975798226        0.0        0.3399064899883409        0.0
174.9699343236285        0.0        0.3399064899883409        0.0
172.76982750584187        0.0        0.3399064899883409        0.0
153.27241746392983        0.0        0.3399064899883409        0.0
174.9699343236285        0.0        0.3399064899883409        0.0
174.9699343236285        0.0        0.3399064899883409        0.0
126.90993056032774        0.0        0.3399064899883409        0.0
126.90993056032775        0.0        0.3399064899883409        0.0
125.8482669837399        0.0        0.3399064899883409        0.0
125.8482669837399        0.0        0.3399064899883409        0.0
189.75794743359765        0.0        0.3399064899883409        0.0
142.37274017989145        0.0        0.3399064899883409        0.0
142.37274017989145        0.0        0.3399064899883409        0.0
178.6515724238715        0.0        0.3399064899883409        0.0
169.40055442944146        0.0        0.3399064899883409        0.0
171.1080572315528        0.0        0.3399064899883409        0.0
172.4775592111978        0.0        0.3399064899883409        0.0
168.6251798209607        0.0        0.3399064899883409        0.0
150.93743314509803        0.0        0.3399064899883409        0.0
150.571818820442        0.0        0.3399064899883409        0.0
Iteration 20/50 completed.
107.12932394249411        0.0        0.3399064899883409        0.0
107.12932394249411        0.0        0.3399064899883409        0.0
174.9699343236285        0.0        0.3399064899883409        0.0
174.9699343236285        0.0        0.3399064899883409        0.0
159.60289887110434        0.0        0.3399064899883409        0.0
172.92737862177233        0.0        0.3399064899883409        0.0
162.0486201494454        0.0        0.3399064899883409        0.0
137.30304519364125        0.0        0.3399064899883409        0.0
109.91093521291114        0.0        0.3399064899883409        0.0
152.38194532244137        0.0        0.3399064899883409        0.0
172.4775592111978        0.0        0.3399064899883409        0.0
152.38194532244137        0.0        0.3399064899883409        0.0
141.62719403586678        0.0        0.3399064899883409        0.0
141.62719403586678        0.0        0.3399064899883409        0.0
153.25713339379416        0.0        0.3399064899883409        0.0
129.98680226014466        0.0        0.3399064899883409        0.0
148.30381138275717        0.0        0.3399064899883409        0.0
148.30381138275717        0.0        0.3399064899883409        0.0
168.6251798209607        0.0        0.3399064899883409        0.0
168.6251798209607        0.0        0.3399064899883409        0.0
Iteration 21/50 completed.
174.9699343236285        0.0        0.3399064899883409        0.0
112.33142886660188        0.0        0.3399064899883409        0.0
150.93743314509803        0.0        0.3399064899883409        0.0
150.93743314509803        0.0        0.3399064899883409        0.0
168.6251798209607        0.0        0.3399064899883409        0.0
132.76977385069983        0.0        0.3399064899883409        0.0
170.85251640345768        0.0        0.3399064899883409        0.0
152.38194532244137        0.0        0.3399064899883409        0.0
152.38194532244137        0.0        0.3399064899883409        0.0
172.4775592111978        0.0        0.3399064899883409        0.0
148.30381138275717        0.0        0.3399064899883409        0.0
148.30381138275717        0.0        0.3399064899883409        0.0
174.9699343236285        0.0        0.3399064899883409        0.0
174.9699343236285        0.0        0.3399064899883409        0.0
150.93743314509803        0.0        0.3399064899883409        0.0
150.93743314509803        0.0        0.3399064899883409        0.0
174.9699343236285        0.0        0.3399064899883409        0.0
140.40225229473688        0.0        0.3399064899883409        0.0
114.53546817538941        0.0        0.3399064899883409        0.0
144.47943587707255        0.0        0.3399064899883409        0.0
Iteration 22/50 completed.
126.87664220742936        0.0        0.3399064899883409        0.0
126.87664220742936        0.0        0.3399064899883409        0.0
150.93743314509803        0.0        0.3399064899883409        0.0
153.27241746392983        0.0        0.3399064899883409        0.0
172.76982750584187        0.0        0.3399064899883409        0.0
169.6811345212829        0.0        0.3399064899883409        0.0
172.76982750584187        0.0        0.3399064899883409        0.0
172.76982750584187        0.0        0.3399064899883409        0.0
142.37274017989145        0.0        0.3399064899883409        0.0
142.37274017989145        0.0        0.3399064899883409        0.0
126.90993056032775        0.0        0.3399064899883409        0.0
126.90993056032775        0.0        0.3399064899883409        0.0
126.90993056032775        0.0        0.3399064899883409        0.0
123.50235890466476        0.0        0.3399064899883409        0.0
141.62719403586678        0.0        0.3399064899883409        0.0
141.62719403586678        0.0        0.3399064899883409        0.0
160.48004263971006        0.0        0.3399064899883409        0.0
150.93743314509803        0.0        0.3399064899883409        0.0
168.63537711244783        0.0        0.3399064899883409        0.0
172.4775592111978        0.0        0.3399064899883409        0.0
Iteration 23/50 completed.
107.12932394249411        0.0        0.3399064899883409        0.0
102.98010148262776        0.0        0.3399064899883409        0.0
126.87664220742936        0.0        0.3399064899883409        0.0
150.93743314509803        0.0        0.3399064899883409        0.0
159.60289887110434        0.0        0.3399064899883409        0.0
102.98010148262776        0.0        0.3399064899883409        0.0
150.65587486691294        0.0        0.3399064899883409        0.0
150.20455642895917        0.0        0.3399064899883409        0.0
140.40225229473688        0.0        0.3399064899883409        0.0
126.87664220742936        0.0        0.3399064899883409        0.0
172.76982750584187        0.0        0.3399064899883409        0.0
172.76982750584187        0.0        0.3399064899883409        0.0
160.11271247788804        0.0        0.3399064899883409        0.0
152.30548203547477        0.0        0.3399064899883409        0.0
165.88919396596742        0.0        0.3399064899883409        0.0
159.60289887110434        0.0        0.3399064899883409        0.0
162.6405315501082        0.0        0.3399064899883409        0.0
102.98010148262776        0.0        0.3399064899883409        0.0
168.6251798209607        0.0        0.3399064899883409        0.0
112.33142886660188        0.0        0.3399064899883409        0.0
Iteration 24/50 completed.
160.11271247788804        0.0        0.3399064899883409        0.0
160.11271247788804        0.0        0.3399064899883409        0.0
102.98010148262776        0.0        0.3399064899883409        0.0
102.98010148262776        0.0        0.3399064899883409        0.0
152.38194532244137        0.0        0.3399064899883409        0.0
150.93743314509803        0.0        0.3399064899883409        0.0
162.0486201494454        0.0        0.3399064899883409        0.0
142.37274017989145        0.0        0.3399064899883409        0.0
150.93743314509803        0.0        0.3399064899883409        0.0
152.680547927113        0.0        0.3399064899883409        0.0
125.8482669837399        0.0        0.3399064899883409        0.0
125.8482669837399        0.0        0.3399064899883409        0.0
152.38194532244137        0.0        0.3399064899883409        0.0
152.38194532244137        0.0        0.3399064899883409        0.0
173.1680561933192        0.0        0.3399064899883409        0.0
173.1680561933192        0.0        0.3399064899883409        0.0
159.60289887110434        0.0        0.3399064899883409        0.0
159.60289887110434        0.0        0.3399064899883409        0.0
115.67435578018771        0.0        0.3399064899883409        0.0
148.30381138275717        0.0        0.3399064899883409        0.0
Iteration 25/50 completed.
171.1080572315528        0.0        0.3399064899883409        0.0
174.9699343236285        0.0        0.3399064899883409        0.0
150.93743314509803        0.0        0.3399064899883409        0.0
150.93743314509803        0.0        0.3399064899883409        0.0
169.32232809304293        0.0        0.3399064899883409        0.0
159.60289887110434        0.0        0.3399064899883409        0.0
148.30381138275717        0.0        0.3399064899883409        0.0
159.60289887110434        0.0        0.3399064899883409        0.0
141.62719403586678        0.0        0.3399064899883409        0.0
141.62719403586678        0.0        0.3399064899883409        0.0
169.6811345212829        0.0        0.3399064899883409        0.0
182.36996796504587        0.0        0.3399064899883409        0.0
171.1080572315528        0.0        0.3399064899883409        0.0
171.1080572315528        0.0        0.3399064899883409        0.0
168.6251798209607        0.0        0.3399064899883409        0.0
168.6251798209607        0.0        0.3399064899883409        0.0
173.1680561933192        0.0        0.3399064899883409        0.0
173.1680561933192        0.0        0.3399064899883409        0.0
140.40225229473688        0.0        0.3399064899883409        0.0
135.0427432481652        0.0        0.3399064899883409        0.0
Iteration 26/50 completed.
174.9699343236285        0.0        0.3399064899883409        0.0
164.2914511772761        0.0        0.3399064899883409        0.0
148.30381138275717        0.0        0.3399064899883409        0.0
148.30381138275717        0.0        0.3399064899883409        0.0
189.75794743359765        0.0        0.3399064899883409        0.0
189.75794743359765        0.0        0.3399064899883409        0.0
139.07679166672884        0.0        0.3399064899883409        0.0
139.07679166672884        0.0        0.3399064899883409        0.0
159.60289887110434        0.0        0.3399064899883409        0.0
159.60289887110434        0.0        0.3399064899883409        0.0
152.38194532244137        0.0        0.3399064899883409        0.0
152.38194532244137        0.0        0.3399064899883409        0.0
172.4775592111978        0.0        0.3399064899883409        0.0
172.4775592111978        0.0        0.3399064899883409        0.0
102.98010148262776        0.0        0.3399064899883409        0.0
105.5136538141495        0.0        0.3399064899883409        0.0
140.40225229473688        0.0        0.3399064899883409        0.0
135.80267586029396        0.0        0.3399064899883409        0.0
159.60289887110434        0.0        0.3399064899883409        0.0
159.60289887110434        0.0        0.3399064899883409        0.0
Iteration 27/50 completed.
174.9699343236285        0.0        0.3399064899883409        0.0
162.88811328772653        0.0        0.3399064899883409        0.0
150.93743314509803        0.0        0.3399064899883409        0.0
150.93743314509803        0.0        0.3399064899883409        0.0
148.30381138275717        0.0        0.3399064899883409        0.0
148.30381138275717        0.0        0.3399064899883409        0.0
153.27241746392983        0.0        0.3399064899883409        0.0
153.27241746392983        0.0        0.3399064899883409        0.0
142.37274017989145        0.0        0.3399064899883409        0.0
165.88919396596742        0.0        0.3399064899883409        0.0
187.4047861160826        0.0        0.3399064899883409        0.0
187.92224080236107        0.0        0.3399064899883409        0.0
169.6811345212829        0.0        0.3399064899883409        0.0
169.6811345212829        0.0        0.3399064899883409        0.0
112.33142886660188        0.0        0.3399064899883409        0.0
122.86312492800748        0.0        0.3399064899883409        0.0
148.0217399427196        0.0        0.3399064899883409        0.0
162.0486201494454        0.0        0.3399064899883409        0.0
142.37274017989145        0.0        0.3399064899883409        0.0
168.6251798209607        0.0        0.3399064899883409        0.0
Iteration 28/50 completed.
165.88919396596742        0.0        0.3399064899883409        0.0
165.88919396596742        0.0        0.3399064899883409        0.0
174.9699343236285        0.0        0.3399064899883409        0.0
135.41368223574062        0.0        0.3399064899883409        0.0
170.99067707004824        0.0        0.3399064899883409        0.0
172.4775592111978        0.0        0.3399064899883409        0.0
142.37274017989145        0.0        0.3399064899883409        0.0
142.37274017989145        0.0        0.3399064899883409        0.0
126.87664220742936        0.0        0.3399064899883409        0.0
126.87664220742936        0.0        0.3399064899883409        0.0
147.24708676479923        0.0        0.3399064899883409        0.0
150.93743314509803        0.0        0.3399064899883409        0.0
172.76982750584187        0.0        0.3399064899883409        0.0
171.2424408684022        0.0        0.3399064899883409        0.0
168.6251798209607        0.0        0.3399064899883409        0.0
168.6251798209607        0.0        0.3399064899883409        0.0
150.20455642895917        0.0        0.3399064899883409        0.0
171.1080572315528        0.0        0.3399064899883409        0.0
187.92224080236107        0.0        0.3399064899883409        0.0
187.92224080236107        0.0        0.3399064899883409        0.0
Iteration 29/50 completed.
159.60289887110434        0.0        0.3399064899883409        0.0
159.60289887110434        0.0        0.3399064899883409        0.0
152.38194532244137        0.0        0.3399064899883409        0.0
174.9699343236285        0.0        0.3399064899883409        0.0
120.91970481665577        0.0        0.3399064899883409        0.0
120.91970481665577        0.0        0.3399064899883409        0.0
154.40054570480166        0.0        0.3399064899883409        0.0
171.1080572315528        0.0        0.3399064899883409        0.0
173.1680561933192        0.0        0.3399064899883409        0.0
173.1680561933192        0.0        0.3399064899883409        0.0
171.1080572315528        0.0        0.3399064899883409        0.0
168.6251798209607        0.0        0.3399064899883409        0.0
187.92224080236107        0.0        0.3399064899883409        0.0
187.92224080236107        0.0        0.3399064899883409        0.0
187.92224080236107        0.0        0.3399064899883409        0.0
187.92224080236107        0.0        0.3399064899883409        0.0
171.1080572315528        0.0        0.3399064899883409        0.0
171.1080572315528        0.0        0.3399064899883409        0.0
133.70154875947068        0.0        0.3399064899883409        0.0
133.70154875947068        0.0        0.3399064899883409        0.0
Iteration 30/50 completed.
182.36996796504587        0.0        0.3399064899883409        0.0
182.36996796504587        0.0        0.3399064899883409        0.0
148.0217399427196        0.0        0.3399064899883409        0.0
148.0217399427196        0.0        0.3399064899883409        0.0
168.6251798209607        0.0        0.3399064899883409        0.0
168.6251798209607        0.0        0.3399064899883409        0.0
172.4775592111978        0.0        0.3399064899883409        0.0
150.93743314509803        0.0        0.3399064899883409        0.0
178.6515724238715        0.0        0.3399064899883409        0.0
178.6515724238715        0.0        0.3399064899883409        0.0
144.37043767506614        0.0        0.3399064899883409        0.0
141.62719403586678        0.0        0.3399064899883409        0.0
148.0217399427196        0.0        0.3399064899883409        0.0
148.0217399427196        0.0        0.3399064899883409        0.0
176.8350799149022        0.0        0.3399064899883409        0.0
174.9699343236285        0.0        0.3399064899883409        0.0
150.93743314509803        0.0        0.3399064899883409        0.0
150.93743314509803        0.0        0.3399064899883409        0.0
171.1080572315528        0.0        0.3399064899883409        0.0
169.6811345212829        0.0        0.3399064899883409        0.0
Iteration 31/50 completed.
115.67435578018771        0.0        0.3399064899883409        0.0
141.62719403586678        0.0        0.3399064899883409        0.0
141.62719403586678        0.0        0.3399064899883409        0.0
150.93743314509803        0.0        0.3399064899883409        0.0
126.90993056032775        0.0        0.3399064899883409        0.0
141.62719403586678        0.0        0.3399064899883409        0.0
168.6251798209607        0.0        0.3399064899883409        0.0
172.4775592111978        0.0        0.3399064899883409        0.0
150.93743314509803        0.0        0.3399064899883409        0.0
150.93743314509803        0.0        0.3399064899883409        0.0
152.38194532244137        0.0        0.3399064899883409        0.0
132.76977385069983        0.0        0.3399064899883409        0.0
105.5136538141495        0.0        0.3399064899883409        0.0
172.76982750584187        0.0        0.3399064899883409        0.0
165.88919396596742        0.0        0.3399064899883409        0.0
164.7788116145711        0.0        0.3399064899883409        0.0
114.0897351817051        0.0        0.3399064899883409        0.0
150.93743314509803        0.0        0.3399064899883409        0.0
162.0486201494454        0.0        0.3399064899883409        0.0
162.0486201494454        0.0        0.3399064899883409        0.0
Iteration 32/50 completed.
168.6251798209607        0.0        0.3399064899883409        0.0
168.6251798209607        0.0        0.3399064899883409        0.0
112.33142886660188        0.0        0.3399064899883409        0.0
112.33142886660188        0.0        0.3399064899883409        0.0
125.8482669837399        0.0        0.3399064899883409        0.0
148.30381138275717        0.0        0.3399064899883409        0.0
141.62719403586678        0.0        0.3399064899883409        0.0
114.53546817538941        0.0        0.3399064899883409        0.0
162.0486201494454        0.0        0.3399064899883409        0.0
162.0486201494454        0.0        0.3399064899883409        0.0
140.40225229473688        0.0        0.3399064899883409        0.0
140.40225229473688        0.0        0.3399064899883409        0.0
150.93743314509803        0.0        0.3399064899883409        0.0
150.93743314509803        0.0        0.3399064899883409        0.0
102.98010148262776        0.0        0.3399064899883409        0.0
120.47838883678496        0.0        0.3399064899883409        0.0
150.93743314509803        0.0        0.3399064899883409        0.0
162.0486201494454        0.0        0.3399064899883409        0.0
150.20455642895917        0.0        0.3399064899883409        0.0
150.20455642895917        0.0        0.3399064899883409        0.0
Iteration 33/50 completed.
167.61262567098328        0.0        0.3399064899883409        0.0
174.9699343236285        0.0        0.3399064899883409        0.0
187.92224080236107        0.0        0.3399064899883409        0.0
187.92224080236107        0.0        0.3399064899883409        0.0
152.38194532244137        0.0        0.3399064899883409        0.0
112.33142886660188        0.0        0.3399064899883409        0.0
115.67435578018771        0.0        0.3399064899883409        0.0
125.8482669837399        0.0        0.3399064899883409        0.0
132.76977385069983        0.0        0.3399064899883409        0.0
132.76977385069983        0.0        0.3399064899883409        0.0
168.6251798209607        0.0        0.3399064899883409        0.0
168.6251798209607        0.0        0.3399064899883409        0.0
140.40225229473688        0.0        0.3399064899883409        0.0
112.33142886660188        0.0        0.3399064899883409        0.0
159.60289887110434        0.0        0.3399064899883409        0.0
156.03308239405743        0.0        0.3399064899883409        0.0
137.04006438789668        0.0        0.3399064899883409        0.0
114.0897351817051        0.0        0.3399064899883409        0.0
150.20455642895917        0.0        0.3399064899883409        0.0
161.24980145042773        0.0        0.3399064899883409        0.0
Iteration 34/50 completed.
189.75794743359765        0.0        0.3399064899883409        0.0
148.30381138275717        0.0        0.3399064899883409        0.0
171.1080572315528        0.0        0.3399064899883409        0.0
171.1080572315528        0.0        0.3399064899883409        0.0
168.6251798209607        0.0        0.3399064899883409        0.0
168.6251798209607        0.0        0.3399064899883409        0.0
168.6251798209607        0.0        0.3399064899883409        0.0
168.6251798209607        0.0        0.3399064899883409        0.0
173.1680561933192        0.0        0.3399064899883409        0.0
173.1680561933192        0.0        0.3399064899883409        0.0
154.00264673033575        0.0        0.3399064899883409        0.0
173.1680561933192        0.0        0.3399064899883409        0.0
173.1680561933192        0.0        0.3399064899883409        0.0
162.0486201494454        0.0        0.3399064899883409        0.0
187.92224080236107        0.0        0.3399064899883409        0.0
187.92224080236107        0.0        0.3399064899883409        0.0
150.93743314509803        0.0        0.3399064899883409        0.0
150.93743314509803        0.0        0.3399064899883409        0.0
173.1680561933192        0.0        0.3399064899883409        0.0
173.1680561933192        0.0        0.3399064899883409        0.0
Iteration 35/50 completed.
172.4775592111978        0.0        0.3399064899883409        0.0
150.93743314509803        0.0        0.3399064899883409        0.0
119.87506796854123        0.0        0.3399064899883409        0.0
172.76982750584187        0.0        0.3399064899883409        0.0
168.6251798209607        0.0        0.3399064899883409        0.0
176.8350799149022        0.0        0.3399064899883409        0.0
165.88919396596742        0.0        0.3399064899883409        0.0
150.93743314509803        0.0        0.3399064899883409        0.0
140.40225229473688        0.0        0.3399064899883409        0.0
140.40225229473688        0.0        0.3399064899883409        0.0
112.33142886660188        0.0        0.3399064899883409        0.0
112.33142886660188        0.0        0.3399064899883409        0.0
112.33142886660188        0.0        0.3399064899883409        0.0
168.6251798209607        0.0        0.3399064899883409        0.0
125.8482669837399        0.0        0.3399064899883409        0.0
125.8482669837399        0.0        0.3399064899883409        0.0
168.6251798209607        0.0        0.3399064899883409        0.0
170.23210084626558        0.0        0.3399064899883409        0.0
150.93743314509803        0.0        0.3399064899883409        0.0
150.93743314509803        0.0        0.3399064899883409        0.0
Iteration 36/50 completed.
174.46138072605046        0.0        0.3399064899883409        0.0
174.46138072605046        0.0        0.3399064899883409        0.0
102.98010148262776        0.0        0.3399064899883409        0.0
130.67859883355624        0.0        0.3399064899883409        0.0
159.60289887110434        0.0        0.3399064899883409        0.0
159.60289887110434        0.0        0.3399064899883409        0.0
172.4775592111978        0.0        0.3399064899883409        0.0
172.4775592111978        0.0        0.3399064899883409        0.0
148.30381138275717        0.0        0.3399064899883409        0.0
174.9699343236285        0.0        0.3399064899883409        0.0
163.3868398581274        0.0        0.3399064899883409        0.0
189.75794743359765        0.0        0.3399064899883409        0.0
115.67435578018771        0.0        0.3399064899883409        0.0
141.62719403586678        0.0        0.3399064899883409        0.0
132.76977385069983        0.0        0.3399064899883409        0.0
140.40225229473688        0.0        0.3399064899883409        0.0
141.62719403586678        0.0        0.3399064899883409        0.0
141.62719403586678        0.0        0.3399064899883409        0.0
168.6251798209607        0.0        0.3399064899883409        0.0
168.6251798209607        0.0        0.3399064899883409        0.0
Iteration 37/50 completed.
112.33142886660188        0.0        0.3399064899883409        0.0
178.6515724238715        0.0        0.3399064899883409        0.0
125.8482669837399        0.0        0.3399064899883409        0.0
168.6251798209607        0.0        0.3399064899883409        0.0
148.30381138275717        0.0        0.3399064899883409        0.0
126.87664220742936        0.0        0.3399064899883409        0.0
135.41368223574062        0.0        0.3399064899883409        0.0
135.41368223574062        0.0        0.3399064899883409        0.0
174.9699343236285        0.0        0.3399064899883409        0.0
174.9699343236285        0.0        0.3399064899883409        0.0
174.9699343236285        0.0        0.3399064899883409        0.0
174.9699343236285        0.0        0.3399064899883409        0.0
148.30381138275717        0.0        0.3399064899883409        0.0
148.30381138275717        0.0        0.3399064899883409        0.0
172.4775592111978        0.0        0.3399064899883409        0.0
168.95196342377318        0.0        0.3399064899883409        0.0
102.98010148262776        0.0        0.3399064899883409        0.0
187.92224080236107        0.0        0.3399064899883409        0.0
135.41368223574062        0.0        0.3399064899883409        0.0
137.10639840787374        0.0        0.3399064899883409        0.0
Iteration 38/50 completed.
133.70154875947068        0.0        0.3399064899883409        0.0
133.70154875947068        0.0        0.3399064899883409        0.0
132.76977385069983        0.0        0.3399064899883409        0.0
132.76977385069983        0.0        0.3399064899883409        0.0
102.98010148262776        0.0        0.3399064899883409        0.0
102.98010148262776        0.0        0.3399064899883409        0.0
126.90993056032775        0.0        0.3399064899883409        0.0
189.75794743359765        0.0        0.3399064899883409        0.0
187.92224080236107        0.0        0.3399064899883409        0.0
156.96032642195888        0.0        0.3399064899883409        0.0
162.0486201494454        0.0        0.3399064899883409        0.0
162.0486201494454        0.0        0.3399064899883409        0.0
165.88919396596742        0.0        0.3399064899883409        0.0
115.67435578018771        0.0        0.3399064899883409        0.0
173.1680561933192        0.0        0.3399064899883409        0.0
140.40225229473688        0.0        0.3399064899883409        0.0
172.4775592111978        0.0        0.3399064899883409        0.0
153.4952249187416        0.0        0.3399064899883409        0.0
159.22339249749712        0.0        0.3399064899883409        0.0
114.53546817538941        0.0        0.3399064899883409        0.0
Iteration 39/50 completed.
176.8350799149022        0.0        0.3399064899883409        0.0
176.8350799149022        0.0        0.3399064899883409        0.0
168.6251798209607        0.0        0.3399064899883409        0.0
168.6251798209607        0.0        0.3399064899883409        0.0
119.30395320863427        0.0        0.3399064899883409        0.0
114.53546817538941        0.0        0.3399064899883409        0.0
150.93743314509803        0.0        0.3399064899883409        0.0
150.93743314509803        0.0        0.3399064899883409        0.0
132.76977385069983        0.0        0.3399064899883409        0.0
132.76977385069983        0.0        0.3399064899883409        0.0
150.93743314509803        0.0        0.3399064899883409        0.0
132.76977385069983        0.0        0.3399064899883409        0.0
148.0217399427196        0.0        0.3399064899883409        0.0
152.38194532244137        0.0        0.3399064899883409        0.0
187.92224080236107        0.0        0.3399064899883409        0.0
115.67435578018771        0.0        0.3399064899883409        0.0
159.60289887110434        0.0        0.3399064899883409        0.0
162.0486201494454        0.0        0.3399064899883409        0.0
173.1680561933192        0.0        0.3399064899883409        0.0
173.1680561933192        0.0        0.3399064899883409        0.0
Iteration 40/50 completed.
168.6251798209607        0.0        0.3399064899883409        0.0
168.6251798209607        0.0        0.3399064899883409        0.0
149.1552980575289        0.0        0.3399064899883409        0.0
152.38194532244137        0.0        0.3399064899883409        0.0
171.1080572315528        0.0        0.3399064899883409        0.0
187.8400343962267        0.0        0.3399064899883409        0.0
126.90993056032775        0.0        0.3399064899883409        0.0
126.90993056032775        0.0        0.3399064899883409        0.0
171.1080572315528        0.0        0.3399064899883409        0.0
171.1080572315528        0.0        0.3399064899883409        0.0
141.62719403586678        0.0        0.3399064899883409        0.0
141.62719403586678        0.0        0.3399064899883409        0.0
174.9699343236285        0.0        0.3399064899883409        0.0
174.9699343236285        0.0        0.3399064899883409        0.0
133.70154875947068        0.0        0.3399064899883409        0.0
136.0447283431261        0.0        0.3399064899883409        0.0
174.9699343236285        0.0        0.3399064899883409        0.0
132.76977385069983        0.0        0.3399064899883409        0.0
162.0486201494454        0.0        0.3399064899883409        0.0
176.8350799149022        0.0        0.3399064899883409        0.0
Iteration 41/50 completed.
146.90801742699202        0.0        0.3399064899883409        0.0
187.92224080236107        0.0        0.3399064899883409        0.0
142.37274017989145        0.0        0.3399064899883409        0.0
144.37043767506614        0.0        0.3399064899883409        0.0
189.75794743359765        0.0        0.3399064899883409        0.0
171.1080572315528        0.0        0.3399064899883409        0.0
174.9699343236285        0.0        0.3399064899883409        0.0
174.9699343236285        0.0        0.3399064899883409        0.0
174.9699343236285        0.0        0.3399064899883409        0.0
162.0486201494454        0.0        0.3399064899883409        0.0
157.74301481024378        0.0        0.3399064899883409        0.0
148.0217399427196        0.0        0.3399064899883409        0.0
114.0897351817051        0.0        0.3399064899883409        0.0
114.0897351817051        0.0        0.3399064899883409        0.0
150.20455642895917        0.0        0.3399064899883409        0.0
162.0486201494454        0.0        0.3399064899883409        0.0
168.6251798209607        0.0        0.3399064899883409        0.0
178.6515724238715        0.0        0.3399064899883409        0.0
135.41368223574062        0.0        0.3399064899883409        0.0
168.6251798209607        0.0        0.3399064899883409        0.0
Iteration 42/50 completed.
102.98010148262776        0.0        0.3399064899883409        0.0
102.98010148262776        0.0        0.3399064899883409        0.0
166.57317871281984        0.0        0.3399064899883409        0.0
173.1680561933192        0.0        0.3399064899883409        0.0
152.38194532244137        0.0        0.3399064899883409        0.0
152.38194532244137        0.0        0.3399064899883409        0.0
184.1767999397796        0.0        0.3399064899883409        0.0
189.75794743359765        0.0        0.3399064899883409        0.0
171.1080572315528        0.0        0.3399064899883409        0.0
173.1680561933192        0.0        0.3399064899883409        0.0
125.61771601220535        0.0        0.3399064899883409        0.0
115.67435578018771        0.0        0.3399064899883409        0.0
102.98010148262776        0.0        0.3399064899883409        0.0
162.0486201494454        0.0        0.3399064899883409        0.0
187.92224080236107        0.0        0.3399064899883409        0.0
187.92224080236107        0.0        0.3399064899883409        0.0
141.62719403586678        0.0        0.3399064899883409        0.0
142.37274017989145        0.0        0.3399064899883409        0.0
115.67435578018771        0.0        0.3399064899883409        0.0
115.67435578018771        0.0        0.3399064899883409        0.0
Iteration 43/50 completed.
148.0217399427196        0.0        0.3399064899883409        0.0
148.0217399427196        0.0        0.3399064899883409        0.0
148.30381138275717        0.0        0.3399064899883409        0.0
172.4775592111978        0.0        0.3399064899883409        0.0
171.1080572315528        0.0        0.3399064899883409        0.0
171.1080572315528        0.0        0.3399064899883409        0.0
139.07679166672884        0.0        0.3399064899883409        0.0
115.67435578018771        0.0        0.3399064899883409        0.0
172.4775592111978        0.0        0.3399064899883409        0.0
150.93743314509803        0.0        0.3399064899883409        0.0
115.67435578018771        0.0        0.3399064899883409        0.0
115.67435578018771        0.0        0.3399064899883409        0.0
142.37274017989145        0.0        0.3399064899883409        0.0
151.37785040458598        0.0        0.3399064899883409        0.0
173.1680561933192        0.0        0.3399064899883409        0.0
162.0486201494454        0.0        0.3399064899883409        0.0
171.1080572315528        0.0        0.3399064899883409        0.0
171.1080572315528        0.0        0.3399064899883409        0.0
187.92224080236107        0.0        0.3399064899883409        0.0
187.5248655273602        0.0        0.3399064899883409        0.0
Iteration 44/50 completed.
165.88919396596742        0.0        0.3399064899883409        0.0
163.22816521491026        0.0        0.3399064899883409        0.0
142.37274017989145        0.0        0.3399064899883409        0.0
142.37274017989145        0.0        0.3399064899883409        0.0
162.0486201494454        0.0        0.3399064899883409        0.0
162.0486201494454        0.0        0.3399064899883409        0.0
126.87664220742936        0.0        0.3399064899883409        0.0
171.1080572315528        0.0        0.3399064899883409        0.0
172.4775592111978        0.0        0.3399064899883409        0.0
172.4775592111978        0.0        0.3399064899883409        0.0
135.41368223574062        0.0        0.3399064899883409        0.0
174.9699343236285        0.0        0.3399064899883409        0.0
114.0897351817051        0.0        0.3399064899883409        0.0
115.00701764040714        0.0        0.3399064899883409        0.0
115.67435578018771        0.0        0.3399064899883409        0.0
174.9699343236285        0.0        0.3399064899883409        0.0
178.6515724238715        0.0        0.3399064899883409        0.0
178.6515724238715        0.0        0.3399064899883409        0.0
168.6251798209607        0.0        0.3399064899883409        0.0
174.9699343236285        0.0        0.3399064899883409        0.0
Iteration 45/50 completed.
174.9699343236285        0.0        0.3399064899883409        0.0
174.16914648988103        0.0        0.3399064899883409        0.0
140.40225229473688        0.0        0.3399064899883409        0.0
137.4379293172344        0.0        0.3399064899883409        0.0
145.93495506528637        0.0        0.3399064899883409        0.0
142.37274017989145        0.0        0.3399064899883409        0.0
172.4775592111978        0.0        0.3399064899883409        0.0
172.4775592111978        0.0        0.3399064899883409        0.0
174.91115482363526        0.0        0.3399064899883409        0.0
176.9849273140859        0.0        0.3399064899883409        0.0
141.62719403586678        0.0        0.3399064899883409        0.0
141.23965330978825        0.0        0.3399064899883409        0.0
189.75794743359765        0.0        0.3399064899883409        0.0
135.41368223574062        0.0        0.3399064899883409        0.0
162.0486201494454        0.0        0.3399064899883409        0.0
162.0486201494454        0.0        0.3399064899883409        0.0
159.60289887110434        0.0        0.3399064899883409        0.0
159.60289887110434        0.0        0.3399064899883409        0.0
172.4775592111978        0.0        0.3399064899883409        0.0
172.4775592111978        0.0        0.3399064899883409        0.0
Iteration 46/50 completed.
168.6251798209607        0.0        0.3399064899883409        0.0
168.6251798209607        0.0        0.3399064899883409        0.0
148.30381138275717        0.0        0.3399064899883409        0.0
176.49029462585742        0.0        0.3399064899883409        0.0
174.46138072605046        0.0        0.3399064899883409        0.0
174.46138072605046        0.0        0.3399064899883409        0.0
162.0486201494454        0.0        0.3399064899883409        0.0
162.0486201494454        0.0        0.3399064899883409        0.0
152.30548203547477        0.0        0.3399064899883409        0.0
162.0486201494454        0.0        0.3399064899883409        0.0
150.93743314509803        0.0        0.3399064899883409        0.0
150.93743314509803        0.0        0.3399064899883409        0.0
171.1080572315528        0.0        0.3399064899883409        0.0
171.1080572315528        0.0        0.3399064899883409        0.0
174.9699343236285        0.0        0.3399064899883409        0.0
174.9699343236285        0.0        0.3399064899883409        0.0
171.1080572315528        0.0        0.3399064899883409        0.0
148.30381138275717        0.0        0.3399064899883409        0.0
162.0486201494454        0.0        0.3399064899883409        0.0
142.37274017989145        0.0        0.3399064899883409        0.0
Iteration 47/50 completed.
128.24578815949994        0.0        0.3399064899883409        0.0
135.41368223574062        0.0        0.3399064899883409        0.0
187.92224080236107        0.0        0.3399064899883409        0.0
187.92224080236107        0.0        0.3399064899883409        0.0
115.67435578018771        0.0        0.3399064899883409        0.0
152.38194532244137        0.0        0.3399064899883409        0.0
174.51305008295054        0.0        0.3399064899883409        0.0
174.9699343236285        0.0        0.3399064899883409        0.0
142.37274017989145        0.0        0.3399064899883409        0.0
174.46138072605046        0.0        0.3399064899883409        0.0
148.30381138275717        0.0        0.3399064899883409        0.0
148.30381138275717        0.0        0.3399064899883409        0.0
126.87664220742936        0.0        0.3399064899883409        0.0
102.98010148262776        0.0        0.3399064899883409        0.0
148.0217399427196        0.0        0.3399064899883409        0.0
148.0217399427196        0.0        0.3399064899883409        0.0
168.6251798209607        0.0        0.3399064899883409        0.0
168.6251798209607        0.0        0.3399064899883409        0.0
150.93743314509803        0.0        0.3399064899883409        0.0
126.90993056032775        0.0        0.3399064899883409        0.0
Iteration 48/50 completed.
132.76977385069983        0.0        0.3399064899883409        0.0
132.76977385069983        0.0        0.3399064899883409        0.0
150.20455642895917        0.0        0.3399064899883409        0.0
150.20455642895917        0.0        0.3399064899883409        0.0
176.8350799149022        0.0        0.3399064899883409        0.0
176.8350799149022        0.0        0.3399064899883409        0.0
148.19720960852268        0.0        0.3399064899883409        0.0
126.90993056032775        0.0        0.3399064899883409        0.0
187.92224080236107        0.0        0.3399064899883409        0.0
132.76977385069983        0.0        0.3399064899883409        0.0
171.1080572315528        0.0        0.3399064899883409        0.0
168.6251798209607        0.0        0.3399064899883409        0.0
150.20455642895917        0.0        0.3399064899883409        0.0
150.20455642895917        0.0        0.3399064899883409        0.0
162.0486201494454        0.0        0.3399064899883409        0.0
126.87664220742936        0.0        0.3399064899883409        0.0
184.1767999397796        0.0        0.3399064899883409        0.0
174.46138072605046        0.0        0.3399064899883409        0.0
140.40225229473688        0.0        0.3399064899883409        0.0
140.40225229473688        0.0        0.3399064899883409        0.0
Iteration 49/50 completed.
112.33142886660188        0.0        0.3399064899883409        0.0
112.33142886660188        0.0        0.3399064899883409        0.0
189.75794743359765        0.0        0.3399064899883409        0.0
189.75794743359765        0.0        0.3399064899883409        0.0
114.53546817538941        0.0        0.3399064899883409        0.0
114.38550032555172        0.0        0.3399064899883409        0.0
150.20455642895917        0.0        0.3399064899883409        0.0
178.6515724238715        0.0        0.3399064899883409        0.0
114.0897351817051        0.0        0.3399064899883409        0.0
132.76977385069983        0.0        0.3399064899883409        0.0
150.93743314509803        0.0        0.3399064899883409        0.0
150.93743314509803        0.0        0.3399064899883409        0.0
112.33142886660188        0.0        0.3399064899883409        0.0
172.4775592111978        0.0        0.3399064899883409        0.0
174.9699343236285        0.0        0.3399064899883409        0.0
174.9699343236285        0.0        0.3399064899883409        0.0
172.4775592111978        0.0        0.3399064899883409        0.0
174.9699343236285        0.0        0.3399064899883409        0.0
115.67435578018771        0.0        0.3399064899883409        0.0
162.0486201494454        0.0        0.3399064899883409        0.0
Iteration 50/50 completed.
