run:
Apr 14, 2011 12:23:25 PM br.ufsc.lisha.ToolManager.ToolManager <init>
INFO: Application Driven Embedded Systems Design Tool Suite starting execution.

Apr 14, 2011 12:23:25 PM br.ufsc.lisha.ToolManager.ToolManager initBasePathName
WARNING: Could not get $ADESDTOOL environment variable.
Apr 14, 2011 12:23:25 PM br.ufsc.lisha.ToolManager.ToolManager initBasePathName
WARNING: Basepath setted to default pwd: '/export/arliones/adesdtool_workingdirectory/tools/dsetool/eposdsetool/../../
Apr 14, 2011 12:23:33 PM java.util.prefs.FileSystemPreferences$7 run
WARNING: Prefs file removed in background /home/arliones/.java/.userPrefs/br/ufsc/lisha/ToolManager/prefs.xml
Apr 14, 2011 12:23:33 PM br.ufsc.lisha.ToolManager.System.SystemLog_View1 <init>
INFO: Handler installed.
Apr 14, 2011 12:23:33 PM br.ufsc.lisha.ToolManager.System.SystemLog_View1 <init>
INFO: ADESD Tool Suite by Rafael Luiz Cancian is running...
Apr 14, 2011 12:23:33 PM br.ufsc.lisha.ToolManager.ToolManager_View1 loadPreferences
WARNING: Error: java.lang.NullPointerException
Apr 14, 2011 12:23:33 PM br.ufsc.lisha.ToolManager.ToolManager_View1 loadPreferences
WARNING: Error: java.lang.NullPointerException
90.363052940386        0.6661666666666667        5.731360130623928E-5        0.0
192.85362638829844        0.666611111111111        1.9222040151530484E-4        0.0
35.99979251542962        0.6659444444444444        2.0406801096413236E-5        0.0
68.55007024698475        0.6660555555555556        8.313601306567304E-6        0.0
133.5424726391761        0.6663333333333333        6.972040151645968E-5        0.0
8.656391729554581        0.6657777777777778        7.273299058776431E-6        0.0
Iteration 0 completed.
168.6251798209607        0.6665        1.4322040151519856E-4        0.0
131.60625148905643        0.6663333333333333        6.97204015162228E-5        0.0
189.75794743359765        0.666611111111111        1.9222040151512527E-4        0.0
139.93889964860486        0.6663888888888889        9.42204015157827E-5        0.0
184.90634331288254        0.6665555555555556        1.677204015150208E-4        0.0
142.72700234411505        0.6663888888888889        9.422040151572628E-5        0.0
182.36996796504587        0.6665555555555556        1.6772040151475637E-4        0.0
181.49655389288787        0.6665555555555556        1.6772040151525762E-4        0.0
42.15819179083059        0.6659444444444444        8.188161138254519E-6        0.0
172.76982750584187        0.6665        1.4322040151556507E-4        0.0
144.67880159582478        0.6663888888888889        9.422040151551893E-5        0.0
139.89283034381089        0.6663888888888889        9.422040151584775E-5        0.0
118.48853181838061        0.6662777777777777        4.5220401516805255E-5        0.0
174.01341332740793        0.6665        1.432204015155219E-4        0.0
146.21931568197027        0.6663888888888889        9.422040151580014E-5        0.0
196.1826782594918        0.666611111111111        1.9222040151481985E-4        0.0
156.45757021924643        0.6664444444444444        1.1872040151563693E-4        0.0
12.415887633795908        0.6658333333333333        1.0937665132167607E-5        0.0
148.63615668961182        0.6663888888888889        9.422040151582264E-5        0.0
199.64655864125896        0.666611111111111        1.922204015147331E-4        0.0
148.0217399427196        0.6663888888888889        9.422040151575305E-5        0.0
36.95129981324596        0.6659444444444444        2.0406801096245184E-5        0.0
179.2545847770946        0.6665555555555556        1.6772040151528763E-4        0.0
22.884739237257822        0.6658888888888889        1.627120102634286E-5        0.0
150.93743314509803        0.6664444444444444        1.1872040151592831E-4        0.0
181.71488816796654        0.6665555555555556        1.677204015148702E-4        0.0
122.37948370359292        0.6662777777777777        4.52204015166732E-5        0.0
159.60289887110434        0.6664444444444444        1.187204015157667E-4        0.0
79.3280621075688        0.6661111111111111        3.281360130672149E-5        0.0
13.076682622391495        0.6658333333333333        9.590050967531082E-6        0.0
71.5144573214591        0.6661111111111111        3.2813601306426295E-5        0.0
178.6515724238715        0.6665555555555556        1.677204015153154E-4        0.0
194.90777709627486        0.666611111111111        1.9222040151475276E-4        0.0
32.02056444822402        0.6659444444444444        2.913447379662737E-5        0.0
160.11271247788804        0.6664444444444444        1.1872040151607264E-4        0.0
61.33800446871869        0.6660555555555556        3.886020120132767E-5        0.0
140.40225229473688        0.6663888888888889        9.422040151583165E-5        0.0
120.91970481665577        0.6662777777777777        4.522040151673732E-5        0.0
94.13176906139911        0.6661666666666667        5.731360130654489E-5        0.0
43.78151209835198        0.6659999999999999        3.26881611382735E-5        0.0
102.98010148262776        0.6662222222222223        2.072040151680229E-5        0.0
84.32571444963952        0.6661666666666667        5.731360130682602E-5        0.0
46.574170846577026        0.6659999999999999        3.2688161138122725E-5        0.0
162.04471571788886        0.6664444444444444        1.1872040151591442E-4        0.0
73.06862442423555        0.6661111111111111        3.281360130656453E-5        0.0
174.9699343236285        0.6665        1.4322040151521677E-4        0.0
142.37274017989145        0.6663888888888889        9.422040151553756E-5        0.0
55.001178048083474        0.6659999999999999        1.4360201201122052E-5        0.0
172.69727078942938        0.6665        1.4322040151536856E-4        0.0
119.02525494159889        0.6662777777777777        4.52204015165874E-5        0.0
61.38099775202964        0.6660555555555556        3.8860201201240934E-5        0.0
118.37520142574512        0.6662777777777777        4.522040151690724E-5        0.0
67.56499751515257        0.6660555555555556        8.31360130647519E-6        0.0
58.76464771750767        0.6660555555555556        3.886020120142152E-5        0.0
117.89394388742863        0.6662777777777777        4.52204015164556E-5        0.0
23.130089476775698        0.6658888888888889        1.627120102633473E-5        0.0
148.30381138275717        0.6663888888888889        9.422040151590828E-5        0.0
16.12325063550528        0.6658333333333333        4.302943636073808E-6        0.0
137.05245876040536        0.6663888888888889        9.422040151630888E-5        0.0
112.33142886660188        0.6662777777777777        4.522040151695874E-5        0.0
68.96952370489056        0.6660555555555556        8.313601306452193E-6        0.0
147.2564586818074        0.6663888888888889        9.422040151590772E-5        0.0
141.62719403586678        0.6663888888888889        9.422040151540696E-5        0.0
72.86936008049157        0.6661111111111111        3.281360130660112E-5        0.0
164.55225539634299        0.6665        1.432204015158535E-4        0.0
6.049534483746653        0.6657777777777778        2.781421544416691E-6        0.0
87.11085557433348        0.6661666666666667        5.731360130628409E-5        0.0
141.8701897019512        0.6663888888888889        9.422040151562177E-5        0.0
34.36949963731224        0.6659444444444444        2.040680109617327E-5        0.0
63.62162631806493        0.6660555555555556        3.886020120108906E-5        0.0
38.70013705606242        0.6659444444444444        2.0406801096281437E-5        0.0
152.38194532244137        0.6664444444444444        1.1872040151586597E-4        0.0
174.46138072605046        0.6665        1.4322040151569575E-4        0.0
41.24291765146186        0.6659444444444444        8.188161138273789E-6        0.0
70.66859690995926        0.6661111111111111        3.2813601306431885E-5        0.0
148.87154313748673        0.6663888888888889        9.422040151609758E-5        0.0
169.6811345212829        0.6665        1.4322040151519712E-4        0.0
5.653509769795214        0.6657222222222222        2.668219907738924E-5        0.0
186.79300369240704        0.6665555555555556        1.677204015151248E-4        0.0
110.31517835245072        0.6662222222222223        2.0720401517100013E-5        0.0
14.926763307682565        0.6658333333333333        6.316982789001203E-6        0.0
48.652327335159065        0.6659999999999999        3.2688161137863194E-5        0.0
109.91093521291114        0.6662222222222223        2.0720401516839296E-5        0.0
107.12932394249411        0.6662222222222223        2.072040151697136E-5        0.0
25.029579104664045        0.6658888888888889        1.1180101043961475E-5        0.0
126.90993056032775        0.6663333333333333        6.972040151632216E-5        0.0
69.34793545653032        0.6660555555555556        8.313601306475262E-6        0.0
187.92224080236107        0.6665555555555556        1.6772040151526136E-4        0.0
114.0897351817051        0.6662777777777777        4.5220401516616536E-5        0.0
73.31497464170201        0.6661111111111111        3.2813601306594515E-5        0.0
126.87664220742936        0.6663333333333333        6.972040151644955E-5        0.0
43.020068391926586        0.6659444444444444        8.18816113831704E-6        0.0
177.5852016702881        0.6665555555555556        1.677204015155224E-4        0.0
107.76485064194854        0.6662222222222223        2.0720401517037258E-5        0.0
125.02158277048198        0.6663333333333333        6.972040151673992E-5        0.0
23.9441267224863        0.6658888888888889        1.6271201026193105E-5        0.0
94.37872509689312        0.6661666666666667        5.7313601306406656E-5        0.0
173.1680561933192        0.6665        1.43220401515436E-4        0.0
15.944074725036344        0.6658333333333333        4.302943636073808E-6        0.0
11.506552199973353        0.6657777777777778        1.2364399041095762E-5        0.0
Iteration 1/50 completed.
109.91093521291114        0.6662222222222223        2.0720401516839296E-5        0.0
82.42633222881469        0.6661111111111111        3.281360130672183E-5        0.0
152.95349418166853        0.6664444444444444        1.1872040151551597E-4        0.0
159.91430595649678        0.6664444444444444        1.18720401516071E-4        0.0
112.33142886660188        0.6662777777777777        4.522040151695874E-5        0.0
23.9441267224863        0.6658888888888889        1.6271201026193105E-5        0.0
84.32571444963952        0.6661666666666667        5.731360130682602E-5        0.0
84.32571444963952        0.6661666666666667        5.731360130682602E-5        0.0
94.37872509689312        0.6661666666666667        5.7313601306406656E-5        0.0
94.37872509689312        0.6661666666666667        5.7313601306406656E-5        0.0
5.653509769795214        0.6657222222222222        2.668219907738924E-5        0.0
7.26901208304991        0.6657777777777778        5.091762716288636E-6        0.0
25.029579104664045        0.6658888888888889        1.1180101043961475E-5        0.0
114.0897351817051        0.6662777777777777        4.5220401516616536E-5        0.0
39.055184370998745        0.6659444444444444        2.040680109655791E-5        0.0
73.06862442423555        0.6661111111111111        3.281360130656453E-5        0.0
42.15819179083059        0.6659444444444444        8.188161138254519E-6        0.0
72.86936008049157        0.6661111111111111        3.281360130660112E-5        0.0
11.506552199973353        0.6657777777777778        1.2364399041095762E-5        0.0
Exception in thread "Timer-0" java.lang.AbstractMethodError: gnu.xml.dom.DomDocument.getXmlStandalone()Z
        at com.sun.org.apache.xalan.internal.xsltc.trax.DOM2TO.setDocumentInfo(DOM2TO.java:377)
        at com.sun.org.apache.xalan.internal.xsltc.trax.DOM2TO.parse(DOM2TO.java:131)
        at com.sun.org.apache.xalan.internal.xsltc.trax.DOM2TO.parse(DOM2TO.java:98)
        at com.sun.org.apache.xalan.internal.xsltc.trax.TransformerImpl.transformIdentity(TransformerImpl.java:665)
        at com.sun.org.apache.xalan.internal.xsltc.trax.TransformerImpl.transform(TransformerImpl.java:711)
        at com.sun.org.apache.xalan.internal.xsltc.trax.TransformerImpl.transform(TransformerImpl.java:317)
        at java.util.prefs.XmlSupport.writeDoc(XmlSupport.java:276)
        at java.util.prefs.XmlSupport.exportMap(XmlSupport.java:355)
        at java.util.prefs.FileSystemPreferences$8.run(FileSystemPreferences.java:624)
        at java.security.AccessController.doPrivileged(Native Method)
        at java.util.prefs.FileSystemPreferences.writeBackCache(FileSystemPreferences.java:617)
        at java.util.prefs.FileSystemPreferences.syncSpiPrivileged(FileSystemPreferences.java:801)
        at java.util.prefs.FileSystemPreferences.access$2300(FileSystemPreferences.java:50)
        at java.util.prefs.FileSystemPreferences$13.run(FileSystemPreferences.java:771)
        at java.security.AccessController.doPrivileged(Native Method)
        at java.util.prefs.FileSystemPreferences.syncSpi(FileSystemPreferences.java:769)
        at java.util.prefs.AbstractPreferences.sync2(AbstractPreferences.java:1334)
        at java.util.prefs.AbstractPreferences.sync2(AbstractPreferences.java:1339)
        at java.util.prefs.AbstractPreferences.sync2(AbstractPreferences.java:1339)
        at java.util.prefs.AbstractPreferences.sync2(AbstractPreferences.java:1339)
        at java.util.prefs.AbstractPreferences.sync2(AbstractPreferences.java:1339)
        at java.util.prefs.AbstractPreferences.sync(AbstractPreferences.java:1325)
        at java.util.prefs.FileSystemPreferences.sync(FileSystemPreferences.java:748)
        at java.util.prefs.FileSystemPreferences.flush(FileSystemPreferences.java:824)
        at java.util.prefs.FileSystemPreferences.syncWorld(FileSystemPreferences.java:468)
        at java.util.prefs.FileSystemPreferences.access$1200(FileSystemPreferences.java:50)
        at java.util.prefs.FileSystemPreferences$4.run(FileSystemPreferences.java:436)
        at java.util.TimerThread.mainLoop(Timer.java:534)
        at java.util.TimerThread.run(Timer.java:484)
23.9441267224863        0.6658888888888889        1.6271201026193105E-5        0.0
Iteration 2/50 completed.
107.76485064194854        0.6662222222222223        2.0720401517037258E-5        0.0
107.76485064194854        0.6662222222222223        2.0720401517037258E-5        0.0
11.506552199973353        0.6657777777777778        1.2364399041095762E-5        0.0
11.506552199973353        0.6657777777777778        1.2364399041095762E-5        0.0
6.049534483746653        0.6657777777777778        2.781421544416691E-6        0.0
70.45964445461689        0.6661111111111111        3.281360130658232E-5        0.0
22.884739237257822        0.6658888888888889        1.627120102634286E-5        0.0
63.62162631806493        0.6660555555555556        3.886020120108906E-5        0.0
25.029579104664045        0.6658888888888889        1.1180101043961475E-5        0.0
67.56499751515257        0.6660555555555556        8.31360130647519E-6        0.0
72.86936008049157        0.6661111111111111        3.281360130660112E-5        0.0
71.46008030449892        0.6661111111111111        3.281360130639919E-5        0.0
7.26901208304991        0.6657777777777778        5.091762716288636E-6        0.0
73.06862442423555        0.6661111111111111        3.281360130656453E-5        0.0
102.98010148262776        0.6662222222222223        2.072040151680229E-5        0.0
102.98010148262776        0.6662222222222223        2.072040151680229E-5        0.0
142.37274017989145        0.6663888888888889        9.422040151553756E-5        0.0
142.37274017989145        0.6663888888888889        9.422040151553756E-5        0.0
43.020068391926586        0.6659444444444444        8.18816113831704E-6        0.0
42.15819179083059        0.6659444444444444        8.188161138254519E-6        0.0
Iteration 3/50 completed.
55.001178048083474        0.6659999999999999        1.4360201201122052E-5        0.0
55.001178048083474        0.6659999999999999        1.4360201201122052E-5        0.0
43.020068391926586        0.6659444444444444        8.18816113831704E-6        0.0
67.56499751515257        0.6660555555555556        8.31360130647519E-6        0.0
109.91093521291114        0.6662222222222223        2.0720401516839296E-5        0.0
11.506552199973353        0.6657777777777778        1.2364399041095762E-5        0.0
11.506552199973353        0.6657777777777778        1.2364399041095762E-5        0.0
11.506552199973353        0.6657777777777778        1.2364399041095762E-5        0.0
82.42633222881469        0.6661111111111111        3.281360130672183E-5        0.0
73.31497464170201        0.6661111111111111        3.2813601306594515E-5        0.0
71.5144573214591        0.6661111111111111        3.2813601306426295E-5        0.0
11.506552199973353        0.6657777777777778        1.2364399041095762E-5        0.0
5.653509769795214        0.6657222222222222        2.668219907738924E-5        0.0
5.7474634347184015        0.6657777777777778        2.4734099955728758E-6        0.0
39.055184370998745        0.6659444444444444        2.040680109655791E-5        0.0
22.884739237257822        0.6658888888888889        1.627120102634286E-5        0.0
25.029579104664045        0.6658888888888889        1.1180101043961475E-5        0.0
25.029579104664045        0.6658888888888889        1.1180101043961475E-5        0.0
43.020068391926586        0.6659444444444444        8.18816113831704E-6        0.0
43.020068391926586        0.6659444444444444        8.18816113831704E-6        0.0
Iteration 4/50 completed.
107.1293239424941        0.6662222222222223        2.072040151697136E-5        0.0
107.12932394249411        0.6662222222222223        2.072040151697136E-5        0.0
68.96952370489056        0.6660555555555556        8.313601306452193E-6        0.0
68.96952370489056        0.6660555555555556        8.313601306452193E-6        0.0
10.063845316480979        0.6657777777777778        1.032795904855537E-5        0.0
14.926763307682565        0.6658333333333333        6.316982789001203E-6        0.0
55.001178048083474        0.6659999999999999        1.4360201201122052E-5        0.0
43.020068391926586        0.6659444444444444        8.18816113831704E-6        0.0
70.66859690995926        0.6661111111111111        3.2813601306431885E-5        0.0
73.06862442423555        0.6661111111111111        3.281360130656453E-5        0.0
11.506552199973353        0.6657777777777778        1.2364399041095762E-5        0.0
11.506552199973353        0.6657777777777778        1.2364399041095762E-5        0.0
27.126016181130876        0.6658888888888889        1.118010104363757E-5        0.0
23.9441267224863        0.6658888888888889        1.6271201026193105E-5        0.0
55.001178048083474        0.6659999999999999        1.4360201201122052E-5        0.0
44.51481790101216        0.6659999999999999        3.268816113841529E-5        0.0
41.24291765146186        0.6659444444444444        8.188161138273789E-6        0.0
11.506552199973353        0.6657777777777778        1.2364399041095762E-5        0.0
25.029579104664045        0.6658888888888889        1.1180101043961475E-5        0.0
25.029579104664045        0.6658888888888889        1.1180101043961475E-5        0.0
Iteration 5/50 completed.
110.31517835245072        0.6662222222222223        2.0720401517100013E-5        0.0
110.31517835245072        0.6662222222222223        2.0720401517100013E-5        0.0
7.26901208304991        0.6657777777777778        5.091762716288636E-6        0.0
11.506552199973353        0.6657777777777778        1.2364399041095762E-5        0.0
12.415887633795908        0.6658333333333333        1.0937665132167607E-5        0.0
5.653509769795214        0.6657222222222222        2.668219907738924E-5        0.0
11.506552199973353        0.6657777777777778        1.2364399041095762E-5        0.0
11.506552199973353        0.6657777777777778        1.2364399041095762E-5        0.0
7.26901208304991        0.6657777777777778        5.091762716288636E-6        0.0
7.26901208304991        0.6657777777777778        5.091762716288636E-6        0.0
43.020068391926586        0.6659444444444444        8.18816113831704E-6        0.0
25.029579104664045        0.6658888888888889        1.1180101043961475E-5        0.0
55.001178048083474        0.6659999999999999        1.4360201201122052E-5        0.0
46.574170846577026        0.6659999999999999        3.2688161138122725E-5        0.0
5.653509769795214        0.6657222222222222        2.668219907738924E-5        0.0
5.653509769795214        0.6657222222222222        2.668219907738924E-5        0.0
39.055184370998745        0.6659444444444444        2.040680109655791E-5        0.0
39.055184370998745        0.6659444444444444        2.040680109655791E-5        0.0
11.506552199973353        0.6657777777777778        1.2364399041095762E-5        0.0
11.506552199973353        0.6657777777777778        1.2364399041095762E-5        0.0
Iteration 6/50 completed.
42.15819179083059        0.6659444444444444        8.188161138254519E-6        0.0
42.15819179083059        0.6659444444444444        8.188161138254519E-6        0.0
11.506552199973353        0.6657777777777778        1.2364399041095762E-5        0.0
34.36949963731224        0.6659444444444444        2.040680109617327E-5        0.0
68.96952370489056        0.6660555555555556        8.313601306452193E-6        0.0
68.96952370489056        0.6660555555555556        8.313601306452193E-6        0.0
11.506552199973353        0.6657777777777778        1.2364399041095762E-5        0.0
68.96952370489056        0.6660555555555556        8.313601306452193E-6        0.0
14.926763307682565        0.6658333333333333        6.316982789001203E-6        0.0
14.926763307682565        0.6658333333333333        6.316982789001203E-6        0.0
5.653509769795214        0.6657222222222222        2.668219907738924E-5        0.0
42.15819179083059        0.6659444444444444        8.188161138254519E-6        0.0
43.020068391926586        0.6659444444444444        8.18816113831704E-6        0.0
45.92264917646195        0.6659999999999999        3.2688161138167957E-5        0.0
23.9441267224863        0.6658888888888889        1.6271201026193105E-5        0.0
23.9441267224863        0.6658888888888889        1.6271201026193105E-5        0.0
7.26901208304991        0.6657777777777778        5.091762716288636E-6        0.0
7.26901208304991        0.6657777777777778        5.091762716288636E-6        0.0
14.926763307682565        0.6658333333333333        6.316982789001203E-6        0.0
14.926763307682565        0.6658333333333333        6.316982789001203E-6        0.0
Iteration 7/50 completed.
5.653509769795214        0.6657222222222222        2.668219907738924E-5        0.0
11.506552199973353        0.6657777777777778        1.2364399041095762E-5        0.0
7.26901208304991        0.6657777777777778        5.091762716288636E-6        0.0
7.26901208304991        0.6657777777777778        5.091762716288636E-6        0.0
14.926763307682565        0.6658333333333333        6.316982789001203E-6        0.0
43.020068391926586        0.6659444444444444        8.18816113831704E-6        0.0
11.506552199973353        0.6657777777777778        1.2364399041095762E-5        0.0
5.653509769795214        0.6657222222222222        2.668219907738924E-5        0.0
68.96952370489056        0.6660555555555556        8.313601306452193E-6        0.0
32.05287683646827        0.6659444444444444        2.9134473796659898E-5        0.0
68.96952370489056        0.6660555555555556        8.313601306452193E-6        0.0
16.12325063550528        0.6658333333333333        4.302943636073808E-6        0.0
11.506552199973353        0.6657777777777778        1.2364399041095762E-5        0.0
11.506552199973353        0.6657777777777778        1.2364399041095762E-5        0.0
11.506552199973353        0.6657777777777778        1.2364399041095762E-5        0.0
11.506552199973353        0.6657777777777778        1.2364399041095762E-5        0.0
16.12325063550528        0.6658333333333333        4.302943636073808E-6        0.0
16.12325063550528        0.6658333333333333        4.302943636073808E-6        0.0
25.029579104664045        0.6658888888888889        1.1180101043961475E-5        0.0
25.029579104664045        0.6658888888888889        1.1180101043961475E-5        0.0
Iteration 8/50 completed.
42.15819179083059        0.6659444444444444        8.188161138254519E-6        0.0
42.15819179083059        0.6659444444444444        8.188161138254519E-6        0.0
42.15819179083059        0.6659444444444444        8.188161138254519E-6        0.0
42.15819179083059        0.6659444444444444        8.188161138254519E-6        0.0
16.12325063550528        0.6658333333333333        4.302943636073808E-6        0.0
5.653509769795214        0.6657222222222222        2.668219907738924E-5        0.0
7.26901208304991        0.6657777777777778        5.091762716288636E-6        0.0
7.26901208304991        0.6657777777777778        5.091762716288636E-6        0.0
14.926763307682565        0.6658333333333333        6.316982789001203E-6        0.0
8.92069631365116        0.6657777777777778        7.937687606281736E-6        0.0
7.26901208304991        0.6657777777777778        5.091762716288636E-6        0.0
7.26901208304991        0.6657777777777778        5.091762716288636E-6        0.0
7.26901208304991        0.6657777777777778        5.091762716288636E-6        0.0
7.26901208304991        0.6657777777777778        5.091762716288636E-6        0.0
43.020068391926586        0.6659444444444444        8.18816113831704E-6        0.0
43.020068391926586        0.6659444444444444        8.18816113831704E-6        0.0
6.049534483746653        0.6657777777777778        2.781421544416691E-6        0.0
5.653509769795214        0.6657222222222222        2.668219907738924E-5        0.0
5.653509769795214        0.6657222222222222        2.668219907738924E-5        0.0
5.653509769795214        0.6657222222222222        2.668219907738924E-5        0.0
Iteration 9/50 completed.
7.26901208304991        0.6657777777777778        5.091762716288636E-6        0.0
7.26901208304991        0.6657777777777778        5.091762716288636E-6        0.0
5.653509769795214        0.6657222222222222        2.668219907738924E-5        0.0
5.653509769795214        0.6657222222222222        2.668219907738924E-5        0.0
7.26901208304991        0.6657777777777778        5.091762716288636E-6        0.0
6.62366965326988        0.6657777777777778        3.824587930784587E-6        0.0
7.26901208304991        0.6657777777777778        5.091762716288636E-6        0.0
43.020068391926586        0.6659444444444444        8.18816113831704E-6        0.0
5.653509769795214        0.6657222222222222        2.668219907738924E-5        0.0
16.12325063550528        0.6658333333333333        4.302943636073808E-6        0.0
5.653509769795214        0.6657222222222222        2.668219907738924E-5        0.0
5.653509769795214        0.6657222222222222        2.668219907738924E-5        0.0
14.926763307682565        0.6658333333333333        6.316982789001203E-6        0.0
14.926763307682565        0.6658333333333333        6.316982789001203E-6        0.0
5.653509769795214        0.6657222222222222        2.668219907738924E-5        0.0
11.506552199973353        0.6657777777777778        1.2364399041095762E-5        0.0
6.049534483746653        0.6657777777777778        2.781421544416691E-6        0.0
11.506552199973353        0.6657777777777778        1.2364399041095762E-5        0.0
11.506552199973353        0.6657777777777778        1.2364399041095762E-5        0.0
7.26901208304991        0.6657777777777778        5.091762716288636E-6        0.0
Iteration 10/50 completed.
5.653509769795214        0.6657222222222222        2.668219907738924E-5        0.0
14.926763307682565        0.6658333333333333        6.316982789001203E-6        0.0
6.62366965326988        0.6657777777777778        3.824587930784587E-6        0.0
6.62366965326988        0.6657777777777778        3.824587930784587E-6        0.0
7.26901208304991        0.6657777777777778        5.091762716288636E-6        0.0
7.26901208304991        0.6657777777777778        5.091762716288636E-6        0.0
5.653509769795214        0.6657222222222222        2.668219907738924E-5        0.0
5.653509769795214        0.6657222222222222        2.668219907738924E-5        0.0
7.26901208304991        0.6657777777777778        5.091762716288636E-6        0.0
14.88265853865737        0.6658333333333333        6.316982789003913E-6        0.0
7.26901208304991        0.6657777777777778        5.091762716288636E-6        0.0
7.26901208304991        0.6657777777777778        5.091762716288636E-6        0.0
7.26901208304991        0.6657777777777778        5.091762716288636E-6        0.0
7.26901208304991        0.6657777777777778        5.091762716288636E-6        0.0
16.12325063550528        0.6658333333333333        4.302943636073808E-6        0.0
5.653509769795214        0.6657222222222222        2.668219907738924E-5        0.0
5.653509769795214        0.6657222222222222        2.668219907738924E-5        0.0
5.653509769795214        0.6657222222222222        2.668219907738924E-5        0.0
5.653509769795214        0.6657222222222222        2.668219907738924E-5        0.0
5.653509769795214        0.6657222222222222        2.668219907738924E-5        0.0
Iteration 11/50 completed.
7.26901208304991        0.6657777777777778        5.091762716288636E-6        0.0
7.26901208304991        0.6657777777777778        5.091762716288636E-6        0.0
5.653509769795214        0.6657222222222222        2.668219907738924E-5        0.0
7.26901208304991        0.6657777777777778        5.091762716288636E-6        0.0
6.62366965326988        0.6657777777777778        3.824587930784587E-6        0.0
6.62366965326988        0.6657777777777778        3.824587930784587E-6        0.0
42.15819179083059        0.6659444444444444        8.188161138254519E-6        0.0
42.15819179083059        0.6659444444444444        8.188161138254519E-6        0.0
7.26901208304991        0.6657777777777778        5.091762716288636E-6        0.0
7.26901208304991        0.6657777777777778        5.091762716288636E-6        0.0
16.12325063550528        0.6658333333333333        4.302943636073808E-6        0.0
16.12325063550528        0.6658333333333333        4.302943636073808E-6        0.0
42.15819179083059        0.6659444444444444        8.188161138254519E-6        0.0
5.653509769795214        0.6657222222222222        2.668219907738924E-5        0.0
7.26901208304991        0.6657777777777778        5.091762716288636E-6        0.0
7.26901208304991        0.6657777777777778        5.091762716288636E-6        0.0
5.653509769795214        0.6657222222222222        2.668219907738924E-5        0.0
7.26901208304991        0.6657777777777778        5.091762716288636E-6        0.0
5.653509769795214        0.6657222222222222        2.668219907738924E-5        0.0
5.653509769795214        0.6657222222222222        2.668219907738924E-5        0.0
Iteration 12/50 completed.
5.653509769795214        0.6657222222222222        2.668219907738924E-5        0.0
5.653509769795214        0.6657222222222222        2.668219907738924E-5        0.0
6.62366965326988        0.6657777777777778        3.824587930784587E-6        0.0
6.62366965326988        0.6657777777777778        3.824587930784587E-6        0.0
5.7474634347184015        0.6657777777777778        2.4734099955728758E-6        0.0
5.7474634347184015        0.6657777777777778        2.4734099955728758E-6        0.0
5.653509769795214        0.6657222222222222        2.668219907738924E-5        0.0
5.653509769795214        0.6657222222222222        2.668219907738924E-5        0.0
7.26901208304991        0.6657777777777778        5.091762716288636E-6        0.0
16.12325063550528        0.6658333333333333        4.302943636073808E-6        0.0
5.653509769795214        0.6657222222222222        2.668219907738924E-5        0.0
5.653509769795214        0.6657222222222222        2.668219907738924E-5        0.0
5.653509769795214        0.6657222222222222        2.668219907738924E-5        0.0
5.7474634347184015        0.6657777777777778        2.4734099955728758E-6        0.0
5.653509769795214        0.6657222222222222        2.668219907738924E-5        0.0
7.26901208304991        0.6657777777777778        5.091762716288636E-6        0.0
5.653509769795214        0.6657222222222222        2.668219907738924E-5        0.0
5.653509769795214        0.6657222222222222        2.668219907738924E-5        0.0
7.26901208304991        0.6657777777777778        5.091762716288636E-6        0.0
14.926763307682565        0.6658333333333333        6.316982789001203E-6        0.0
Iteration 13/50 completed.
5.653509769795214        0.6657222222222222        2.668219907738924E-5        0.0
5.653509769795214        0.6657222222222222        2.668219907738924E-5        0.0
16.12325063550528        0.6658333333333333        4.302943636073808E-6        0.0
9.698480826100305        0.6657777777777778        9.455344511067367E-6        0.0
5.653509769795214        0.6657222222222222        2.668219907738924E-5        0.0
5.653509769795214        0.6657222222222222        2.668219907738924E-5        0.0
7.039933403352829        0.6657777777777778        4.640182147726838E-6        0.0
5.653509769795214        0.6657222222222222        2.668219907738924E-5        0.0
5.653509769795214        0.6657222222222222        2.668219907738924E-5        0.0
5.653509769795214        0.6657222222222222        2.668219907738924E-5        0.0
7.26901208304991        0.6657777777777778        5.091762716288636E-6        0.0
7.26901208304991        0.6657777777777778        5.091762716288636E-6        0.0
5.653509769795214        0.6657222222222222        2.668219907738924E-5        0.0
5.653509769795214        0.6657222222222222        2.668219907738924E-5        0.0
5.653509769795214        0.6657222222222222        2.668219907738924E-5        0.0
7.26901208304991        0.6657777777777778        5.091762716288636E-6        0.0
5.653509769795214        0.6657222222222222        2.668219907738924E-5        0.0
5.653509769795214        0.6657222222222222        2.668219907738924E-5        0.0
5.653509769795214        0.6657222222222222        2.668219907738924E-5        0.0
6.049534483746653        0.6657777777777778        2.781421544416691E-6        0.0
Iteration 14/50 completed.
5.653509769795214        0.6657222222222222        2.668219907738924E-5        0.0
6.049534483746653        0.6657777777777778        2.781421544416691E-6        0.0
6.62366965326988        0.6657777777777778        3.824587930784587E-6        0.0
5.653509769795214        0.6657222222222222        2.668219907738924E-5        0.0
5.653509769795214        0.6657222222222222        2.668219907738924E-5        0.0
5.653509769795214        0.6657222222222222        2.668219907738924E-5        0.0
5.653509769795214        0.6657222222222222        2.668219907738924E-5        0.0
5.653509769795214        0.6657222222222222        2.668219907738924E-5        0.0
5.653509769795214        0.6657222222222222        2.668219907738924E-5        0.0
5.653509769795214        0.6657222222222222        2.668219907738924E-5        0.0
5.653509769795214        0.6657222222222222        2.668219907738924E-5        0.0
5.7474634347184015        0.6657777777777778        2.4734099955728758E-6        0.0
5.653509769795214        0.6657222222222222        2.668219907738924E-5        0.0
5.653509769795214        0.6657222222222222        2.668219907738924E-5        0.0
5.653509769795214        0.6657222222222222        2.668219907738924E-5        0.0
5.653509769795214        0.6657222222222222        2.668219907738924E-5        0.0
5.653509769795214        0.6657222222222222        2.668219907738924E-5        0.0
5.7474634347184015        0.6657777777777778        2.4734099955728758E-6        0.0
5.653509769795214        0.6657222222222222        2.668219907738924E-5        0.0
5.653509769795214        0.6657222222222222        2.668219907738924E-5        0.0
Iteration 15/50 completed.
5.653509769795214        0.6657222222222222        2.668219907738924E-5        0.0
5.653509769795214        0.6657222222222222        2.668219907738924E-5        0.0
5.653509769795214        0.6657222222222222        2.668219907738924E-5        0.0
5.653509769795214        0.6657222222222222        2.668219907738924E-5        0.0
5.653509769795214        0.6657222222222222        2.668219907738924E-5        0.0
5.653509769795214        0.6657222222222222        2.668219907738924E-5        0.0
5.653509769795214        0.6657222222222222        2.668219907738924E-5        0.0
5.653509769795214        0.6657222222222222        2.668219907738924E-5        0.0
5.653509769795214        0.6657222222222222        2.668219907738924E-5        0.0
5.653509769795214        0.6657222222222222        2.668219907738924E-5        0.0
5.653509769795214        0.6657222222222222        2.668219907738924E-5        0.0
5.653509769795214        0.6657222222222222        2.668219907738924E-5        0.0
5.653509769795214        0.6657222222222222        2.668219907738924E-5        0.0
5.653509769795214        0.6657222222222222        2.668219907738924E-5        0.0
5.653509769795214        0.6657222222222222        2.668219907738924E-5        0.0
5.653509769795214        0.6657222222222222        2.668219907738924E-5        0.0
5.653509769795214        0.6657222222222222        2.668219907738924E-5        0.0
5.653509769795214        0.6657222222222222        2.668219907738924E-5        0.0
5.653509769795214        0.6657222222222222        2.668219907738924E-5        0.0
5.653509769795214        0.6657222222222222        2.668219907738924E-5        0.0
Iteration 16/50 completed.
5.653509769795214        0.6657222222222222        2.668219907738924E-5        0.0
5.653509769795214        0.6657222222222222        2.668219907738924E-5        0.0
5.653509769795214        0.6657222222222222        2.668219907738924E-5        0.0
5.653509769795214        0.6657222222222222        2.668219907738924E-5        0.0
5.7474634347184015        0.6657777777777778        2.4734099955728758E-6        0.0
5.653509769795214        0.6657222222222222        2.668219907738924E-5        0.0
5.653509769795214        0.6657222222222222        2.668219907738924E-5        0.0
5.653509769795214        0.6657222222222222        2.668219907738924E-5        0.0
5.653509769795214        0.6657222222222222        2.668219907738924E-5        0.0
5.653509769795214        0.6657222222222222        2.668219907738924E-5        0.0
5.653509769795214        0.6657222222222222        2.668219907738924E-5        0.0
5.653509769795214        0.6657222222222222        2.668219907738924E-5        0.0
5.653509769795214        0.6657222222222222        2.668219907738924E-5        0.0
5.653509769795214        0.6657222222222222        2.668219907738924E-5        0.0
5.653509769795214        0.6657222222222222        2.668219907738924E-5        0.0
5.653509769795214        0.6657222222222222        2.668219907738924E-5        0.0
5.653509769795214        0.6657222222222222        2.668219907738924E-5        0.0
5.653509769795214        0.6657222222222222        2.668219907738924E-5        0.0
5.653509769795214        0.6657222222222222        2.668219907738924E-5        0.0
5.653509769795214        0.6657222222222222        2.668219907738924E-5        0.0
Iteration 17/50 completed.
5.653509769795214        0.6657222222222222        2.668219907738924E-5        0.0
5.653509769795214        0.6657222222222222        2.668219907738924E-5        0.0
5.653509769795214        0.6657222222222222        2.668219907738924E-5        0.0
5.653509769795214        0.6657222222222222        2.668219907738924E-5        0.0
5.653509769795214        0.6657222222222222        2.668219907738924E-5        0.0
5.653509769795214        0.6657222222222222        2.668219907738924E-5        0.0
5.653509769795214        0.6657222222222222        2.668219907738924E-5        0.0
5.653509769795214        0.6657222222222222        2.668219907738924E-5        0.0
5.653509769795214        0.6657222222222222        2.668219907738924E-5        0.0
5.653509769795214        0.6657222222222222        2.668219907738924E-5        0.0
5.653509769795214        0.6657222222222222        2.668219907738924E-5        0.0
5.653509769795214        0.6657222222222222        2.668219907738924E-5        0.0
5.653509769795214        0.6657222222222222        2.668219907738924E-5        0.0
5.653509769795214        0.6657222222222222        2.668219907738924E-5        0.0
5.653509769795213        0.6657222222222222        2.668219907738924E-5        0.0
5.653509769795214        0.6657222222222222        2.668219907738924E-5        0.0
5.653509769795214        0.6657222222222222        2.668219907738924E-5        0.0
5.653509769795214        0.6657222222222222        2.668219907738924E-5        0.0
5.7474634347184015        0.6657777777777778        2.4734099955728758E-6        0.0
5.7474634347184015        0.6657777777777778        2.4734099955728758E-6        0.0
Iteration 18/50 completed.
5.7474634347184015        0.6657777777777778        2.4734099955728758E-6        0.0
5.7474634347184015        0.6657777777777778        2.4734099955728758E-6        0.0
5.7474634347184015        0.6657777777777778        2.4734099955728758E-6        0.0
5.667932623101313        0.6657222222222222        2.6682199077237452E-5        0.0
5.653509769795214        0.6657222222222222        2.668219907738924E-5        0.0
5.653509769795214        0.6657222222222222        2.668219907738924E-5        0.0
5.653509769795214        0.6657222222222222        2.668219907738924E-5        0.0
5.653509769795214        0.6657222222222222        2.668219907738924E-5        0.0
5.653509769795214        0.6657222222222222        2.668219907738924E-5        0.0
5.653509769795214        0.6657222222222222        2.668219907738924E-5        0.0
5.653509769795214        0.6657222222222222        2.668219907738924E-5        0.0
5.653509769795214        0.6657222222222222        2.668219907738924E-5        0.0
5.653509769795214        0.6657222222222222        2.668219907738924E-5        0.0
5.653509769795214        0.6657222222222222        2.668219907738924E-5        0.0
5.653509769795214        0.6657222222222222        2.668219907738924E-5        0.0
5.653509769795214        0.6657222222222222        2.668219907738924E-5        0.0
5.653509769795214        0.6657222222222222        2.668219907738924E-5        0.0
5.653509769795214        0.6657222222222222        2.668219907738924E-5        0.0
5.653509769795214        0.6657222222222222        2.668219907738924E-5        0.0
5.653509769795214        0.6657222222222222        2.668219907738924E-5        0.0
Iteration 19/50 completed.
5.653509769795214        0.6657222222222222        2.668219907738924E-5        0.0
5.7474634347184015        0.6657777777777778        2.4734099955728758E-6        0.0
5.653509769795214        0.6657222222222222        2.668219907738924E-5        0.0
5.653509769795214        0.6657222222222222        2.668219907738924E-5        0.0
5.7474634347184015        0.6657777777777778        2.4734099955728758E-6        0.0
5.7474634347184015        0.6657777777777778        2.4734099955728758E-6        0.0
5.653509769795214        0.6657222222222222        2.668219907738924E-5        0.0
5.653509769795214        0.6657222222222222        2.668219907738924E-5        0.0
5.653509769795214        0.6657222222222222        2.668219907738924E-5        0.0
5.653509769795214        0.6657222222222222        2.668219907738924E-5        0.0
5.7474634347184015        0.6657777777777778        2.4734099955728758E-6        0.0
5.7474634347184015        0.6657777777777778        2.4734099955728758E-6        0.0
5.653509769795214        0.6657222222222222        2.668219907738924E-5        0.0
5.653509769795214        0.6657222222222222        2.668219907738924E-5        0.0
5.653509769795214        0.6657222222222222        2.668219907738924E-5        0.0
5.653509769795214        0.6657222222222222        2.668219907738924E-5        0.0
5.653509769795214        0.6657222222222222        2.668219907738924E-5        0.0
5.653509769795214        0.6657222222222222        2.668219907738924E-5        0.0
5.653509769795214        0.6657222222222222        2.668219907738924E-5        0.0
5.653509769795214        0.6657222222222222        2.668219907738924E-5        0.0
Iteration 20/50 completed.
5.653509769795214        0.6657222222222222        2.668219907738924E-5        0.0
5.653509769795214        0.6657222222222222        2.668219907738924E-5        0.0
5.653509769795214        0.6657222222222222        2.668219907738924E-5        0.0
5.7474634347184015        0.6657777777777778        2.4734099955728758E-6        0.0
5.7474634347184015        0.6657777777777778        2.4734099955728758E-6        0.0
5.653509769795214        0.6657222222222222        2.668219907738924E-5        0.0
5.7474634347184015        0.6657777777777778        2.4734099955728758E-6        0.0
5.682970804944159        0.6657222222222222        2.6682199077210347E-5        0.0
5.653509769795214        0.6657222222222222        2.668219907738924E-5        0.0
5.653509769795214        0.6657222222222222        2.668219907738924E-5        0.0
5.7474634347184015        0.6657777777777778        2.4734099955728758E-6        0.0
5.653509769795214        0.6657222222222222        2.668219907738924E-5        0.0
5.653509769795214        0.6657222222222222        2.668219907738924E-5        0.0
5.653509769795214        0.6657222222222222        2.668219907738924E-5        0.0
5.7474634347184015        0.6657777777777778        2.4734099955728758E-6        0.0
5.7474634347184015        0.6657777777777778        2.4734099955728758E-6        0.0
5.653509769795214        0.6657222222222222        2.668219907738924E-5        0.0
5.653509769795214        0.6657222222222222        2.668219907738924E-5        0.0
5.653509769795214        0.6657222222222222        2.668219907738924E-5        0.0
5.653509769795214        0.6657222222222222        2.668219907738924E-5        0.0
Iteration 21/50 completed.
5.7474634347184015        0.6657777777777778        2.4734099955728758E-6        0.0
5.7474634347184015        0.6657777777777778        2.4734099955728758E-6        0.0
5.7474634347184015        0.6657777777777778        2.4734099955728758E-6        0.0
5.7474634347184015        0.6657777777777778        2.4734099955728758E-6        0.0
5.7474634347184015        0.6657777777777778        2.4734099955728758E-6        0.0
5.7474634347184015        0.6657777777777778        2.4734099955728758E-6        0.0
5.7474634347184015        0.6657777777777778        2.4734099955728758E-6        0.0
5.653509769795214        0.6657222222222222        2.668219907738924E-5        0.0
5.7474634347184015        0.6657777777777778        2.4734099955728758E-6        0.0
5.653509769795214        0.6657222222222222        2.668219907738924E-5        0.0
5.7474634347184015        0.6657777777777778        2.4734099955728758E-6        0.0
5.7474634347184015        0.6657777777777778        2.4734099955728758E-6        0.0
5.653509769795214        0.6657222222222222        2.668219907738924E-5        0.0
5.653509769795214        0.6657222222222222        2.668219907738924E-5        0.0
5.7474634347184015        0.6657777777777778        2.4734099955728758E-6        0.0
5.7474634347184015        0.6657777777777778        2.4734099955728758E-6        0.0
5.653509769795214        0.6657222222222222        2.668219907738924E-5        0.0
5.653509769795214        0.6657222222222222        2.668219907738924E-5        0.0
5.653509769795214        0.6657222222222222        2.668219907738924E-5        0.0
5.673826242150341        0.6657222222222222        2.6682199077188663E-5        0.0
Iteration 22/50 completed.
5.7474634347184015        0.6657777777777778        2.4734099955728758E-6        0.0
5.653509769795214        0.6657222222222222        2.668219907738924E-5        0.0
5.653509769795214        0.6657222222222222        2.668219907738924E-5        0.0
5.653509769795214        0.6657222222222222        2.668219907738924E-5        0.0
5.6755984963336035        0.6657222222222222        2.6682199077101927E-5        0.0
5.7474634347184015        0.6657777777777778        2.4734099955728758E-6        0.0
5.7474634347184015        0.6657777777777778        2.4734099955728758E-6        0.0
5.7474634347184015        0.6657777777777778        2.4734099955728758E-6        0.0
5.653509769795214        0.6657222222222222        2.668219907738924E-5        0.0
5.653509769795214        0.6657222222222222        2.668219907738924E-5        0.0
5.7474634347184015        0.6657777777777778        2.4734099955728758E-6        0.0
5.653509769795214        0.6657222222222222        2.668219907738924E-5        0.0
5.7474634347184015        0.6657777777777778        2.4734099955728758E-6        0.0
5.7474634347184015        0.6657777777777778        2.4734099955728758E-6        0.0
5.653509769795214        0.6657222222222222        2.668219907738924E-5        0.0
5.653509769795214        0.6657222222222222        2.668219907738924E-5        0.0
5.653509769795214        0.6657222222222222        2.668219907738924E-5        0.0
5.653509769795214        0.6657222222222222        2.668219907738924E-5        0.0
5.653509769795214        0.6657222222222222        2.668219907738924E-5        0.0
5.653509769795214        0.6657222222222222        2.668219907738924E-5        0.0
Iteration 23/50 completed.
5.69189127599399        0.6657222222222222        2.668219907734045E-5        0.0
5.7474634347184015        0.6657777777777778        2.4734099955728758E-6        0.0
5.7474634347184015        0.6657777777777778        2.4734099955728758E-6        0.0
5.653509769795214        0.6657222222222222        2.668219907738924E-5        0.0
5.7474634347184015        0.6657777777777778        2.4734099955728758E-6        0.0
5.653509769795214        0.6657222222222222        2.668219907738924E-5        0.0
5.7474634347184015        0.6657777777777778        2.4734099955728758E-6        0.0
5.7474634347184015        0.6657777777777778        2.4734099955728758E-6        0.0
5.653509769795214        0.6657222222222222        2.668219907738924E-5        0.0
5.653509769795214        0.6657222222222222        2.668219907738924E-5        0.0
5.7474634347184015        0.6657777777777778        2.4734099955728758E-6        0.0
5.7474634347184015        0.6657777777777778        2.4734099955728758E-6        0.0
5.7474634347184015        0.6657777777777778        2.4734099955728758E-6        0.0
5.7474634347184015        0.6657777777777778        2.4734099955728758E-6        0.0
5.7474634347184015        0.6657777777777778        2.4734099955728758E-6        0.0
5.7474634347184015        0.6657777777777778        2.4734099955728758E-6        0.0
5.653509769795214        0.6657222222222222        2.668219907738924E-5        0.0
5.653509769795214        0.6657222222222222        2.668219907738924E-5        0.0
5.7474634347184015        0.6657777777777778        2.4734099955728758E-6        0.0
5.7474634347184015        0.6657777777777778        2.4734099955728758E-6        0.0
Iteration 24/50 completed.
5.7474634347184015        0.6657777777777778        2.4734099955728758E-6        0.0
5.653509769795214        0.6657222222222222        2.668219907738924E-5        0.0
5.7474634347184015        0.6657777777777778        2.4734099955728758E-6        0.0
5.7474634347184015        0.6657777777777778        2.4734099955728758E-6        0.0
5.7474634347184015        0.6657777777777778        2.4734099955728758E-6        0.0
5.653509769795214        0.6657222222222222        2.668219907738924E-5        0.0
5.7474634347184015        0.6657777777777778        2.4734099955728758E-6        0.0
5.7474634347184015        0.6657777777777778        2.4734099955728758E-6        0.0
5.653509769795214        0.6657222222222222        2.668219907738924E-5        0.0
5.7474634347184015        0.6657777777777778        2.4734099955728758E-6        0.0
5.653509769795214        0.6657222222222222        2.668219907738924E-5        0.0
5.653509769795214        0.6657222222222222        2.668219907738924E-5        0.0
5.7474634347184015        0.6657777777777778        2.4734099955728758E-6        0.0
5.7474634347184015        0.6657777777777778        2.4734099955728758E-6        0.0
5.7474634347184015        0.6657777777777778        2.4734099955728758E-6        0.0
5.7474634347184015        0.6657777777777778        2.4734099955728758E-6        0.0
5.7474634347184015        0.6657777777777778        2.4734099955728758E-6        0.0
5.7474634347184015        0.6657777777777778        2.4734099955728758E-6        0.0
5.693719862386786        0.6657222222222222        2.668219907734045E-5        0.0
5.653509769795214        0.6657222222222222        2.668219907738924E-5        0.0
Iteration 25/50 completed.
5.7474634347184015        0.6657777777777778        2.4734099955728758E-6        0.0
5.7474634347184015        0.6657777777777778        2.4734099955728758E-6        0.0
5.7474634347184015        0.6657777777777778        2.4734099955728758E-6        0.0
5.653509769795214        0.6657222222222222        2.668219907738924E-5        0.0
5.7474634347184015        0.6657777777777778        2.4734099955728758E-6        0.0
5.7474634347184015        0.6657777777777778        2.4734099955728758E-6        0.0
5.7474634347184015        0.6657777777777778        2.4734099955728758E-6        0.0
5.7474634347184015        0.6657777777777778        2.4734099955728758E-6        0.0
5.721588292981709        0.6657777777777778        2.4734099955728758E-6        0.0
5.7474634347184015        0.6657777777777778        2.4734099955728758E-6        0.0
5.7474634347184015        0.6657777777777778        2.4734099955728758E-6        0.0
5.7474634347184015        0.6657777777777778        2.4734099955728758E-6        0.0
5.673826242150341        0.6657222222222222        2.6682199077188663E-5        0.0
5.673826242150341        0.6657222222222222        2.6682199077188663E-5        0.0
5.7474634347184015        0.6657777777777778        2.4734099955728758E-6        0.0
5.7474634347184015        0.6657777777777778        2.4734099955728758E-6        0.0
5.7474634347184015        0.6657777777777778        2.4734099955728758E-6        0.0
5.7474634347184015        0.6657777777777778        2.4734099955728758E-6        0.0
5.7474634347184015        0.6657777777777778        2.4734099955728758E-6        0.0
5.7474634347184015        0.6657777777777778        2.4734099955728758E-6        0.0
Iteration 26/50 completed.
5.7474634347184015        0.6657777777777778        2.4734099955728758E-6        0.0
5.7474634347184015        0.6657777777777778        2.4734099955728758E-6        0.0
5.7474634347184015        0.6657777777777778        2.4734099955728758E-6        0.0
5.7474634347184015        0.6657777777777778        2.4734099955728758E-6        0.0
5.7474634347184015        0.6657777777777778        2.4734099955728758E-6        0.0
5.7474634347184015        0.6657777777777778        2.4734099955728758E-6        0.0
5.7474634347184015        0.6657777777777778        2.4734099955728758E-6        0.0
5.7474634347184015        0.6657777777777778        2.4734099955728758E-6        0.0
5.7474634347184015        0.6657777777777778        2.4734099955728758E-6        0.0
5.7474634347184015        0.6657777777777778        2.4734099955728758E-6        0.0
5.7474634347184015        0.6657777777777778        2.4734099955728758E-6        0.0
5.7474634347184015        0.6657777777777778        2.4734099955728758E-6        0.0
5.7474634347184015        0.6657777777777778        2.4734099955728758E-6        0.0
5.7474634347184015        0.6657777777777778        2.4734099955728758E-6        0.0
5.7474634347184015        0.6657777777777778        2.4734099955728758E-6        0.0
5.7474634347184015        0.6657777777777778        2.4734099955728758E-6        0.0
5.7474634347184015        0.6657777777777778        2.4734099955728758E-6        0.0
5.7474634347184015        0.6657777777777778        2.4734099955728758E-6        0.0
5.7474634347184015        0.6657777777777778        2.4734099955728758E-6        0.0
5.7474634347184015        0.6657777777777778        2.4734099955728758E-6        0.0
Iteration 27/50 completed.
5.7474634347184015        0.6657777777777778        2.4734099955728758E-6        0.0
5.7474634347184015        0.6657777777777778        2.4734099955728758E-6        0.0
5.7474634347184015        0.6657777777777778        2.4734099955728758E-6        0.0
5.7474634347184015        0.6657777777777778        2.4734099955728758E-6        0.0
5.7474634347184015        0.6657777777777778        2.4734099955728758E-6        0.0
5.7474634347184015        0.6657777777777778        2.4734099955728758E-6        0.0
5.7474634347184015        0.6657777777777778        2.4734099955728758E-6        0.0
5.7474634347184015        0.6657777777777778        2.4734099955728758E-6        0.0
5.7474634347184015        0.6657777777777778        2.4734099955728758E-6        0.0
5.7474634347184015        0.6657777777777778        2.4734099955728758E-6        0.0
5.7474634347184015        0.6657777777777778        2.4734099955728758E-6        0.0
5.7474634347184015        0.6657777777777778        2.4734099955728758E-6        0.0
5.7474634347184015        0.6657777777777778        2.4734099955728758E-6        0.0
5.7474634347184015        0.6657777777777778        2.4734099955728758E-6        0.0
5.7474634347184015        0.6657777777777778        2.4734099955728758E-6        0.0
5.7474634347184015        0.6657777777777778        2.4734099955728758E-6        0.0
5.7474634347184015        0.6657777777777778        2.4734099955728758E-6        0.0
5.7474634347184015        0.6657777777777778        2.4734099955728758E-6        0.0
5.7474634347184015        0.6657777777777778        2.4734099955728758E-6        0.0
5.7474634347184015        0.6657777777777778        2.4734099955728758E-6        0.0
Iteration 28/50 completed.
5.7474634347184015        0.6657777777777778        2.4734099955728758E-6        0.0
5.7474634347184015        0.6657777777777778        2.4734099955728758E-6        0.0
5.7474634347184015        0.6657777777777778        2.4734099955728758E-6        0.0
5.7474634347184015        0.6657777777777778        2.4734099955728758E-6        0.0
5.7474634347184015        0.6657777777777778        2.4734099955728758E-6        0.0
5.7474634347184015        0.6657777777777778        2.4734099955728758E-6        0.0
5.7474634347184015        0.6657777777777778        2.4734099955728758E-6        0.0
5.7474634347184015        0.6657777777777778        2.4734099955728758E-6        0.0
5.747463434718402        0.6657777777777778        2.4734099955728758E-6        0.0
5.7474634347184015        0.6657777777777778        2.4734099955728758E-6        0.0
5.7474634347184015        0.6657777777777778        2.4734099955728758E-6        0.0
5.7474634347184015        0.6657777777777778        2.4734099955728758E-6        0.0
5.747463434718401        0.6657777777777778        2.4734099955728758E-6        0.0
5.7474634347184015        0.6657777777777778        2.4734099955728758E-6        0.0
5.7474634347184015        0.6657777777777778        2.4734099955728758E-6        0.0
5.7474634347184015        0.6657777777777778        2.4734099955728758E-6        0.0
5.7474634347184015        0.6657777777777778        2.4734099955728758E-6        0.0
5.7474634347184015        0.6657777777777778        2.4734099955728758E-6        0.0
5.7474634347184015        0.6657777777777778        2.4734099955728758E-6        0.0
5.7474634347184015        0.6657777777777778        2.4734099955728758E-6        0.0
Iteration 29/50 completed.
5.7474634347184015        0.6657777777777778        2.4734099955728758E-6        0.0
5.7474634347184015        0.6657777777777778        2.4734099955728758E-6        0.0
5.7474634347184015        0.6657777777777778        2.4734099955728758E-6        0.0
5.7474634347184015        0.6657777777777778        2.4734099955728758E-6        0.0
5.7474634347184015        0.6657777777777778        2.4734099955728758E-6        0.0
5.7474634347184015        0.6657777777777778        2.4734099955728758E-6        0.0
5.7474634347184015        0.6657777777777778        2.4734099955728758E-6        0.0
5.7474634347184015        0.6657777777777778        2.4734099955728758E-6        0.0
5.7474634347184015        0.6657777777777778        2.4734099955728758E-6        0.0
5.7474634347184015        0.6657777777777778        2.4734099955728758E-6        0.0
5.7474634347184015        0.6657777777777778        2.4734099955728758E-6        0.0
5.7474634347184015        0.6657777777777778        2.4734099955728758E-6        0.0
5.7474634347184015        0.6657777777777778        2.4734099955728758E-6        0.0
5.7474634347184015        0.6657777777777778        2.4734099955728758E-6        0.0
5.747463434718402        0.6657777777777778        2.4734099955728758E-6        0.0
5.747463434718402        0.6657777777777778        2.4734099955728758E-6        0.0
5.7474634347184015        0.6657777777777778        2.4734099955728758E-6        0.0
5.7474634347184015        0.6657777777777778        2.4734099955728758E-6        0.0
5.747463434718402        0.6657777777777778        2.4734099955728758E-6        0.0
5.747463434718402        0.6657777777777778        2.4734099955728758E-6        0.0
Iteration 30/50 completed.
5.7474634347184015        0.6657777777777778        2.4734099955728758E-6        0.0
5.7474634347184015        0.6657777777777778        2.4734099955728758E-6        0.0
5.7474634347184015        0.6657777777777778        2.4734099955728758E-6        0.0
5.7474634347184015        0.6657777777777778        2.4734099955728758E-6        0.0
5.7474634347184015        0.6657777777777778        2.4734099955728758E-6        0.0
5.7474634347184015        0.6657777777777778        2.4734099955728758E-6        0.0
5.7474634347184015        0.6657777777777778        2.4734099955728758E-6        0.0
5.7474634347184015        0.6657777777777778        2.4734099955728758E-6        0.0
5.7474634347184015        0.6657777777777778        2.4734099955728758E-6        0.0
5.7474634347184015        0.6657777777777778        2.4734099955728758E-6        0.0
5.7474634347184015        0.6657777777777778        2.4734099955728758E-6        0.0
5.7474634347184015        0.6657777777777778        2.4734099955728758E-6        0.0
5.7474634347184015        0.6657777777777778        2.4734099955728758E-6        0.0
5.700592295961293        0.6657222222222222        2.668219907734045E-5        0.0
5.7474634347184015        0.6657777777777778        2.4734099955728758E-6        0.0
5.7474634347184015        0.6657777777777778        2.4734099955728758E-6        0.0
5.7474634347184015        0.6657777777777778        2.4734099955728758E-6        0.0
5.7474634347184015        0.6657777777777778        2.4734099955728758E-6        0.0
5.7474634347184015        0.6657777777777778        2.4734099955728758E-6        0.0
5.7474634347184015        0.6657777777777778        2.4734099955728758E-6        0.0
Iteration 31/50 completed.
5.7474634347184015        0.6657777777777778        2.4734099955728758E-6        0.0
5.7474634347184015        0.6657777777777778        2.4734099955728758E-6        0.0
5.7474634347184015        0.6657777777777778        2.4734099955728758E-6        0.0
5.7474634347184015        0.6657777777777778        2.4734099955728758E-6        0.0
5.7474634347184015        0.6657777777777778        2.4734099955728758E-6        0.0
5.7474634347184015        0.6657777777777778        2.4734099955728758E-6        0.0
5.7474634347184015        0.6657777777777778        2.4734099955728758E-6        0.0
5.7474634347184015        0.6657777777777778        2.4734099955728758E-6        0.0
5.7474634347184015        0.6657777777777778        2.4734099955728758E-6        0.0
5.7474634347184015        0.6657777777777778        2.4734099955728758E-6        0.0
5.7474634347184015        0.6657777777777778        2.4734099955728758E-6        0.0
5.7474634347184015        0.6657777777777778        2.4734099955728758E-6        0.0
5.7474634347184015        0.6657777777777778        2.4734099955728758E-6        0.0
5.7474634347184015        0.6657777777777778        2.4734099955728758E-6        0.0
5.7474634347184015        0.6657777777777778        2.4734099955728758E-6        0.0
5.7474634347184015        0.6657777777777778        2.4734099955728758E-6        0.0
5.7474634347184015        0.6657777777777778        2.4734099955728758E-6        0.0
5.7474634347184015        0.6657777777777778        2.4734099955728758E-6        0.0
5.7474634347184015        0.6657777777777778        2.4734099955728758E-6        0.0
5.7474634347184015        0.6657777777777778        2.4734099955728758E-6        0.0
Iteration 32/50 completed.
5.7474634347184015        0.6657777777777778        2.4734099955728758E-6        0.0
5.747463434718402        0.6657777777777778        2.4734099955728758E-6        0.0
5.7474634347184015        0.6657777777777778        2.4734099955728758E-6        0.0
5.7474634347184015        0.6657777777777778        2.4734099955728758E-6        0.0
5.7474634347184015        0.6657777777777778        2.4734099955728758E-6        0.0
5.7474634347184015        0.6657777777777778        2.4734099955728758E-6        0.0
5.7474634347184015        0.6657777777777778        2.4734099955728758E-6        0.0
5.7474634347184015        0.6657777777777778        2.4734099955728758E-6        0.0
5.7474634347184015        0.6657777777777778        2.4734099955728758E-6        0.0
5.7474634347184015        0.6657777777777778        2.4734099955728758E-6        0.0
5.7474634347184015        0.6657777777777778        2.4734099955728758E-6        0.0
5.7474634347184015        0.6657777777777778        2.4734099955728758E-6        0.0
5.747463434718402        0.6657777777777778        2.4734099955728758E-6        0.0
5.7474634347184015        0.6657777777777778        2.4734099955728758E-6        0.0
5.747463434718402        0.6657777777777778        2.4734099955728758E-6        0.0
5.7474634347184015        0.6657777777777778        2.4734099955728758E-6        0.0
5.747463434718402        0.6657777777777778        2.4734099955728758E-6        0.0
5.747463434718402        0.6657777777777778        2.4734099955728758E-6        0.0
5.7474634347184015        0.6657777777777778        2.4734099955728758E-6        0.0
5.7474634347184015        0.6657777777777778        2.4734099955728758E-6        0.0
Iteration 33/50 completed.
5.7474634347184015        0.6657777777777778        2.4734099955728758E-6        0.0
5.7474634347184015        0.6657777777777778        2.4734099955728758E-6        0.0
5.7474634347184015        0.6657777777777778        2.4734099955728758E-6        0.0
5.7474634347184015        0.6657777777777778        2.4734099955728758E-6        0.0
5.7474634347184015        0.6657777777777778        2.4734099955728758E-6        0.0
5.7474634347184015        0.6657777777777778        2.4734099955728758E-6        0.0
5.7474634347184015        0.6657777777777778        2.4734099955728758E-6        0.0
5.7474634347184015        0.6657777777777778        2.4734099955728758E-6        0.0
5.7474634347184015        0.6657777777777778        2.4734099955728758E-6        0.0
5.7474634347184015        0.6657777777777778        2.4734099955728758E-6        0.0
5.7474634347184015        0.6657777777777778        2.4734099955728758E-6        0.0
5.7474634347184015        0.6657777777777778        2.4734099955728758E-6        0.0
5.7474634347184015        0.6657777777777778        2.4734099955728758E-6        0.0
5.7474634347184015        0.6657777777777778        2.4734099955728758E-6        0.0
5.7474634347184015        0.6657777777777778        2.4734099955728758E-6        0.0
5.7474634347184015        0.6657777777777778        2.4734099955728758E-6        0.0
5.7474634347184015        0.6657777777777778        2.4734099955728758E-6        0.0
5.7474634347184015        0.6657777777777778        2.4734099955728758E-6        0.0
5.7474634347184015        0.6657777777777778        2.4734099955728758E-6        0.0
5.7474634347184015        0.6657777777777778        2.4734099955728758E-6        0.0
Iteration 34/50 completed.
5.7474634347184015        0.6657777777777778        2.4734099955728758E-6        0.0
5.7474634347184015        0.6657777777777778        2.4734099955728758E-6        0.0
5.7474634347184015        0.6657777777777778        2.4734099955728758E-6        0.0
5.7474634347184015        0.6657777777777778        2.4734099955728758E-6        0.0
5.7474634347184015        0.6657777777777778        2.4734099955728758E-6        0.0
5.7474634347184015        0.6657777777777778        2.4734099955728758E-6        0.0
5.7474634347184015        0.6657777777777778        2.4734099955728758E-6        0.0
5.7474634347184015        0.6657777777777778        2.4734099955728758E-6        0.0
5.7474634347184015        0.6657777777777778        2.4734099955728758E-6        0.0
5.7474634347184015        0.6657777777777778        2.4734099955728758E-6        0.0
5.747463434718402        0.6657777777777778        2.4734099955728758E-6        0.0
5.7474634347184015        0.6657777777777778        2.4734099955728758E-6        0.0
5.7474634347184015        0.6657777777777778        2.4734099955728758E-6        0.0
5.7474634347184015        0.6657777777777778        2.4734099955728758E-6        0.0
5.747463434718402        0.6657777777777778        2.4734099955728758E-6        0.0
5.7474634347184015        0.6657777777777778        2.4734099955728758E-6        0.0
5.7474634347184015        0.6657777777777778        2.4734099955728758E-6        0.0
5.7474634347184015        0.6657777777777778        2.4734099955728758E-6        0.0
5.7474634347184015        0.6657777777777778        2.4734099955728758E-6        0.0
5.747463434718402        0.6657777777777778        2.4734099955728758E-6        0.0
Iteration 35/50 completed.
5.7474634347184015        0.6657777777777778        2.4734099955728758E-6        0.0
5.7474634347184015        0.6657777777777778        2.4734099955728758E-6        0.0
5.7474634347184015        0.6657777777777778        2.4734099955728758E-6        0.0
5.7474634347184015        0.6657777777777778        2.4734099955728758E-6        0.0
5.7474634347184015        0.6657777777777778        2.4734099955728758E-6        0.0
5.7474634347184015        0.6657777777777778        2.4734099955728758E-6        0.0
5.7474634347184015        0.6657777777777778        2.4734099955728758E-6        0.0
5.7474634347184015        0.6657777777777778        2.4734099955728758E-6        0.0
5.7474634347184015        0.6657777777777778        2.4734099955728758E-6        0.0
5.7474634347184015        0.6657777777777778        2.4734099955728758E-6        0.0
5.7474634347184015        0.6657777777777778        2.4734099955728758E-6        0.0
5.7474634347184015        0.6657777777777778        2.4734099955728758E-6        0.0
5.7474634347184015        0.6657777777777778        2.4734099955728758E-6        0.0
5.7474634347184015        0.6657777777777778        2.4734099955728758E-6        0.0
5.747463434718402        0.6657777777777778        2.4734099955728758E-6        0.0
5.7474634347184015        0.6657777777777778        2.4734099955728758E-6        0.0
5.7474634347184015        0.6657777777777778        2.4734099955728758E-6        0.0
5.7474634347184015        0.6657777777777778        2.4734099955728758E-6        0.0
5.7474634347184015        0.6657777777777778        2.4734099955728758E-6        0.0
5.747463434718402        0.6657777777777778        2.4734099955728758E-6        0.0
Iteration 36/50 completed.
5.7474634347184015        0.6657777777777778        2.4734099955728758E-6        0.0
5.7474634347184015        0.6657777777777778        2.4734099955728758E-6        0.0
5.7474634347184015        0.6657777777777778        2.4734099955728758E-6        0.0
5.7474634347184015        0.6657777777777778        2.4734099955728758E-6        0.0
5.7474634347184015        0.6657777777777778        2.4734099955728758E-6        0.0
5.7474634347184015        0.6657777777777778        2.4734099955728758E-6        0.0
5.7474634347184015        0.6657777777777778        2.4734099955728758E-6        0.0
5.7474634347184015        0.6657777777777778        2.4734099955728758E-6        0.0
5.7474634347184015        0.6657777777777778        2.4734099955728758E-6        0.0
5.747463434718402        0.6657777777777778        2.4734099955728758E-6        0.0
5.7474634347184015        0.6657777777777778        2.4734099955728758E-6        0.0
5.7474634347184015        0.6657777777777778        2.4734099955728758E-6        0.0
5.7474634347184015        0.6657777777777778        2.4734099955728758E-6        0.0
5.7474634347184015        0.6657777777777778        2.4734099955728758E-6        0.0
5.7474634347184015        0.6657777777777778        2.4734099955728758E-6        0.0
5.747463434718402        0.6657777777777778        2.4734099955728758E-6        0.0
5.7474634347184015        0.6657777777777778        2.4734099955728758E-6        0.0
5.7474634347184015        0.6657777777777778        2.4734099955728758E-6        0.0
5.7474634347184015        0.6657777777777778        2.4734099955728758E-6        0.0
5.7474634347184015        0.6657777777777778        2.4734099955728758E-6        0.0
Iteration 37/50 completed.
5.7474634347184015        0.6657777777777778        2.4734099955728758E-6        0.0
5.7474634347184015        0.6657777777777778        2.4734099955728758E-6        0.0
5.747463434718402        0.6657777777777778        2.4734099955728758E-6        0.0
5.747463434718402        0.6657777777777778        2.4734099955728758E-6        0.0
5.7474634347184015        0.6657777777777778        2.4734099955728758E-6        0.0
5.7474634347184015        0.6657777777777778        2.4734099955728758E-6        0.0
5.742146201934959        0.6657777777777778        2.4734099955728758E-6        0.0
5.6896651783167425        0.6657222222222222        2.668219907734045E-5        0.0
5.7474634347184015        0.6657777777777778        2.4734099955728758E-6        0.0
5.7474634347184015        0.6657777777777778        2.4734099955728758E-6        0.0
5.7474634347184015        0.6657777777777778        2.4734099955728758E-6        0.0
5.7474634347184015        0.6657777777777778        2.4734099955728758E-6        0.0
5.7474634347184015        0.6657777777777778        2.4734099955728758E-6        0.0
5.7474634347184015        0.6657777777777778        2.4734099955728758E-6        0.0
5.7474634347184015        0.6657777777777778        2.4734099955728758E-6        0.0
5.7474634347184015        0.6657777777777778        2.4734099955728758E-6        0.0
5.7474634347184015        0.6657777777777778        2.4734099955728758E-6        0.0
5.7474634347184015        0.6657777777777778        2.4734099955728758E-6        0.0
5.7474634347184015        0.6657777777777778        2.4734099955728758E-6        0.0
5.7474634347184015        0.6657777777777778        2.4734099955728758E-6        0.0
Iteration 38/50 completed.
5.7474634347184015        0.6657777777777778        2.4734099955728758E-6        0.0
5.7474634347184015        0.6657777777777778        2.4734099955728758E-6        0.0
5.7474634347184015        0.6657777777777778        2.4734099955728758E-6        0.0
5.7474634347184015        0.6657777777777778        2.4734099955728758E-6        0.0
5.6755984963336035        0.6657222222222222        2.6682199077101927E-5        0.0
5.7474634347184015        0.6657777777777778        2.4734099955728758E-6        0.0
5.7474634347184015        0.6657777777777778        2.4734099955728758E-6        0.0
5.7474634347184015        0.6657777777777778        2.4734099955728758E-6        0.0
5.7474634347184015        0.6657777777777778        2.4734099955728758E-6        0.0
5.7474634347184015        0.6657777777777778        2.4734099955728758E-6        0.0
5.7474634347184015        0.6657777777777778        2.4734099955728758E-6        0.0
5.7474634347184015        0.6657777777777778        2.4734099955728758E-6        0.0
5.7474634347184015        0.6657777777777778        2.4734099955728758E-6        0.0
5.7474634347184015        0.6657777777777778        2.4734099955728758E-6        0.0
5.7474634347184015        0.6657777777777778        2.4734099955728758E-6        0.0
5.7474634347184015        0.6657777777777778        2.4734099955728758E-6        0.0
5.7474634347184015        0.6657777777777778        2.4734099955728758E-6        0.0
5.7474634347184015        0.6657777777777778        2.4734099955728758E-6        0.0
5.7474634347184015        0.6657777777777778        2.4734099955728758E-6        0.0
5.7474634347184015        0.6657777777777778        2.4734099955728758E-6        0.0
Iteration 39/50 completed.
5.7474634347184015        0.6657777777777778        2.4734099955728758E-6        0.0
5.7474634347184015        0.6657777777777778        2.4734099955728758E-6        0.0
5.747463434718402        0.6657777777777778        2.4734099955728758E-6        0.0
5.747463434718402        0.6657777777777778        2.4734099955728758E-6        0.0
5.7474634347184015        0.6657777777777778        2.4734099955728758E-6        0.0
5.7474634347184015        0.6657777777777778        2.4734099955728758E-6        0.0
5.7474634347184015        0.6657777777777778        2.4734099955728758E-6        0.0
5.7474634347184015        0.6657777777777778        2.4734099955728758E-6        0.0
5.7474634347184015        0.6657777777777778        2.4734099955728758E-6        0.0
5.7474634347184015        0.6657777777777778        2.4734099955728758E-6        0.0
5.747463434718402        0.6657777777777778        2.4734099955728758E-6        0.0
5.7474634347184015        0.6657777777777778        2.4734099955728758E-6        0.0
5.7474634347184015        0.6657777777777778        2.4734099955728758E-6        0.0
5.7474634347184015        0.6657777777777778        2.4734099955728758E-6        0.0
5.7474634347184015        0.6657777777777778        2.4734099955728758E-6        0.0
5.7474634347184015        0.6657777777777778        2.4734099955728758E-6        0.0
5.7474634347184015        0.6657777777777778        2.4734099955728758E-6        0.0
5.747463434718402        0.6657777777777778        2.4734099955728758E-6        0.0
5.7474634347184015        0.6657777777777778        2.4734099955728758E-6        0.0
5.7474634347184015        0.6657777777777778        2.4734099955728758E-6        0.0
Iteration 40/50 completed.
5.747463434718402        0.6657777777777778        2.4734099955728758E-6        0.0
5.7474634347184015        0.6657777777777778        2.4734099955728758E-6        0.0
5.7474634347184015        0.6657777777777778        2.4734099955728758E-6        0.0
5.7474634347184015        0.6657777777777778        2.4734099955728758E-6        0.0
5.7474634347184015        0.6657777777777778        2.4734099955728758E-6        0.0
5.7474634347184015        0.6657777777777778        2.4734099955728758E-6        0.0
5.7474634347184015        0.6657777777777778        2.4734099955728758E-6        0.0
5.7474634347184015        0.6657777777777778        2.4734099955728758E-6        0.0
5.7474634347184015        0.6657777777777778        2.4734099955728758E-6        0.0
5.7474634347184015        0.6657777777777778        2.4734099955728758E-6        0.0
5.7474634347184015        0.6657777777777778        2.4734099955728758E-6        0.0
5.7474634347184015        0.6657777777777778        2.4734099955728758E-6        0.0
5.7474634347184015        0.6657777777777778        2.4734099955728758E-6        0.0
5.7474634347184015        0.6657777777777778        2.4734099955728758E-6        0.0
5.7474634347184015        0.6657777777777778        2.4734099955728758E-6        0.0
5.7474634347184015        0.6657777777777778        2.4734099955728758E-6        0.0
5.7474634347184015        0.6657777777777778        2.4734099955728758E-6        0.0
5.7474634347184015        0.6657777777777778        2.4734099955728758E-6        0.0
5.7474634347184015        0.6657777777777778        2.4734099955728758E-6        0.0
5.7474634347184015        0.6657777777777778        2.4734099955728758E-6        0.0
Iteration 41/50 completed.
5.7474634347184015        0.6657777777777778        2.4734099955728758E-6        0.0
5.7474634347184015        0.6657777777777778        2.4734099955728758E-6        0.0
5.7474634347184015        0.6657777777777778        2.4734099955728758E-6        0.0
5.747463434718401        0.6657777777777778        2.4734099955728758E-6        0.0
5.7474634347184015        0.6657777777777778        2.4734099955728758E-6        0.0
5.7474634347184015        0.6657777777777778        2.4734099955728758E-6        0.0
5.747463434718402        0.6657777777777778        2.4734099955728758E-6        0.0
5.7474634347184015        0.6657777777777778        2.4734099955728758E-6        0.0
5.7474634347184015        0.6657777777777778        2.4734099955728758E-6        0.0
5.7474634347184015        0.6657777777777778        2.4734099955728758E-6        0.0
5.7474634347184015        0.6657777777777778        2.4734099955728758E-6        0.0
5.7474634347184015        0.6657777777777778        2.4734099955728758E-6        0.0
5.747463434718402        0.6657777777777778        2.4734099955728758E-6        0.0
5.747463434718402        0.6657777777777778        2.4734099955728758E-6        0.0
5.7474634347184015        0.6657777777777778        2.4734099955728758E-6        0.0
5.7474634347184015        0.6657777777777778        2.4734099955728758E-6        0.0
5.7474634347184015        0.6657777777777778        2.4734099955728758E-6        0.0
5.7474634347184015        0.6657777777777778        2.4734099955728758E-6        0.0
5.7474634347184015        0.6657777777777778        2.4734099955728758E-6        0.0
5.7474634347184015        0.6657777777777778        2.4734099955728758E-6        0.0
Iteration 42/50 completed.
5.7474634347184015        0.6657777777777778        2.4734099955728758E-6        0.0
5.7474634347184015        0.6657777777777778        2.4734099955728758E-6        0.0
5.7474634347184015        0.6657777777777778        2.4734099955728758E-6        0.0
5.747463434718401        0.6657777777777778        2.4734099955728758E-6        0.0
5.7474634347184015        0.6657777777777778        2.4734099955728758E-6        0.0
5.7474634347184015        0.6657777777777778        2.4734099955728758E-6        0.0
5.7474634347184015        0.6657777777777778        2.4734099955728758E-6        0.0
5.7474634347184015        0.6657777777777778        2.4734099955728758E-6        0.0
5.7474634347184015        0.6657777777777778        2.4734099955728758E-6        0.0
5.7474634347184015        0.6657777777777778        2.4734099955728758E-6        0.0
5.7474634347184015        0.6657777777777778        2.4734099955728758E-6        0.0
5.7474634347184015        0.6657777777777778        2.4734099955728758E-6        0.0
5.7474634347184015        0.6657777777777778        2.4734099955728758E-6        0.0
5.7474634347184015        0.6657777777777778        2.4734099955728758E-6        0.0
5.7474634347184015        0.6657777777777778        2.4734099955728758E-6        0.0
5.7474634347184015        0.6657777777777778        2.4734099955728758E-6        0.0
5.747463434718402        0.6657777777777778        2.4734099955728758E-6        0.0
5.747463434718402        0.6657777777777778        2.4734099955728758E-6        0.0
5.7474634347184015        0.6657777777777778        2.4734099955728758E-6        0.0
5.7474634347184015        0.6657777777777778        2.4734099955728758E-6        0.0
Iteration 43/50 completed.
5.7474634347184015        0.6657777777777778        2.4734099955728758E-6        0.0
5.7474634347184015        0.6657777777777778        2.4734099955728758E-6        0.0
5.7474634347184015        0.6657777777777778        2.4734099955728758E-6        0.0
5.7474634347184015        0.6657777777777778        2.4734099955728758E-6        0.0
5.7474634347184015        0.6657777777777778        2.4734099955728758E-6        0.0
5.7474634347184015        0.6657777777777778        2.4734099955728758E-6        0.0
5.7474634347184015        0.6657777777777778        2.4734099955728758E-6        0.0
5.747463434718402        0.6657777777777778        2.4734099955728758E-6        0.0
5.7474634347184015        0.6657777777777778        2.4734099955728758E-6        0.0
5.7474634347184015        0.6657777777777778        2.4734099955728758E-6        0.0
5.7474634347184015        0.6657777777777778        2.4734099955728758E-6        0.0
5.7474634347184015        0.6657777777777778        2.4734099955728758E-6        0.0
5.7474634347184015        0.6657777777777778        2.4734099955728758E-6        0.0
5.7474634347184015        0.6657777777777778        2.4734099955728758E-6        0.0
5.7474634347184015        0.6657777777777778        2.4734099955728758E-6        0.0
5.7474634347184015        0.6657777777777778        2.4734099955728758E-6        0.0
5.7474634347184015        0.6657777777777778        2.4734099955728758E-6        0.0
5.7474634347184015        0.6657777777777778        2.4734099955728758E-6        0.0
5.7474634347184015        0.6657777777777778        2.4734099955728758E-6        0.0
5.7474634347184015        0.6657777777777778        2.4734099955728758E-6        0.0
Iteration 44/50 completed.
5.7474634347184015        0.6657777777777778        2.4734099955728758E-6        0.0
5.7474634347184015        0.6657777777777778        2.4734099955728758E-6        0.0
5.7474634347184015        0.6657777777777778        2.4734099955728758E-6        0.0
5.7474634347184015        0.6657777777777778        2.4734099955728758E-6        0.0
5.7474634347184015        0.6657777777777778        2.4734099955728758E-6        0.0
5.747463434718402        0.6657777777777778        2.4734099955728758E-6        0.0
5.7474634347184015        0.6657777777777778        2.4734099955728758E-6        0.0
5.7474634347184015        0.6657777777777778        2.4734099955728758E-6        0.0
5.7474634347184015        0.6657777777777778        2.4734099955728758E-6        0.0
5.7474634347184015        0.6657777777777778        2.4734099955728758E-6        0.0
5.7474634347184015        0.6657777777777778        2.4734099955728758E-6        0.0
5.7474634347184015        0.6657777777777778        2.4734099955728758E-6        0.0
5.747463434718402        0.6657777777777778        2.4734099955728758E-6        0.0
5.7474634347184015        0.6657777777777778        2.4734099955728758E-6        0.0
5.7474634347184015        0.6657777777777778        2.4734099955728758E-6        0.0
5.7474634347184015        0.6657777777777778        2.4734099955728758E-6        0.0
5.7474634347184015        0.6657777777777778        2.4734099955728758E-6        0.0
5.7474634347184015        0.6657777777777778        2.4734099955728758E-6        0.0
5.7474634347184015        0.6657777777777778        2.4734099955728758E-6        0.0
5.7474634347184015        0.6657777777777778        2.4734099955728758E-6        0.0
Iteration 45/50 completed.
5.7474634347184015        0.6657777777777778        2.4734099955728758E-6        0.0
5.7474634347184015        0.6657777777777778        2.4734099955728758E-6        0.0
5.747463434718402        0.6657777777777778        2.4734099955728758E-6        0.0
5.7474634347184015        0.6657777777777778        2.4734099955728758E-6        0.0
5.7474634347184015        0.6657777777777778        2.4734099955728758E-6        0.0
5.7474634347184015        0.6657777777777778        2.4734099955728758E-6        0.0
5.7474634347184015        0.6657777777777778        2.4734099955728758E-6        0.0
5.7474634347184015        0.6657777777777778        2.4734099955728758E-6        0.0
5.7474634347184015        0.6657777777777778        2.4734099955728758E-6        0.0
5.747463434718402        0.6657777777777778        2.4734099955728758E-6        0.0
5.7474634347184015        0.6657777777777778        2.4734099955728758E-6        0.0
5.7474634347184015        0.6657777777777778        2.4734099955728758E-6        0.0
5.747463434718402        0.6657777777777778        2.4734099955728758E-6        0.0
5.7474634347184015        0.6657777777777778        2.4734099955728758E-6        0.0
5.7474634347184015        0.6657777777777778        2.4734099955728758E-6        0.0
5.7474634347184015        0.6657777777777778        2.4734099955728758E-6        0.0
5.7474634347184015        0.6657777777777778        2.4734099955728758E-6        0.0
5.7474634347184015        0.6657777777777778        2.4734099955728758E-6        0.0
5.7474634347184015        0.6657777777777778        2.4734099955728758E-6        0.0
5.7474634347184015        0.6657777777777778        2.4734099955728758E-6        0.0
Iteration 46/50 completed.
5.7474634347184015        0.6657777777777778        2.4734099955728758E-6        0.0
5.7474634347184015        0.6657777777777778        2.4734099955728758E-6        0.0
5.742146201934959        0.6657777777777778        2.4734099955728758E-6        0.0
5.7474634347184015        0.6657777777777778        2.4734099955728758E-6        0.0
5.7474634347184015        0.6657777777777778        2.4734099955728758E-6        0.0
5.7474634347184015        0.6657777777777778        2.4734099955728758E-6        0.0
5.7474634347184015        0.6657777777777778        2.4734099955728758E-6        0.0
5.7474634347184015        0.6657777777777778        2.4734099955728758E-6        0.0
5.7474634347184015        0.6657777777777778        2.4734099955728758E-6        0.0
5.7474634347184015        0.6657777777777778        2.4734099955728758E-6        0.0
5.7474634347184015        0.6657777777777778        2.4734099955728758E-6        0.0
5.7474634347184015        0.6657777777777778        2.4734099955728758E-6        0.0
5.7474634347184015        0.6657777777777778        2.4734099955728758E-6        0.0
5.7474634347184015        0.6657777777777778        2.4734099955728758E-6        0.0
5.747463434718402        0.6657777777777778        2.4734099955728758E-6        0.0
5.7474634347184015        0.6657777777777778        2.4734099955728758E-6        0.0
5.7474634347184015        0.6657777777777778        2.4734099955728758E-6        0.0
5.7474634347184015        0.6657777777777778        2.4734099955728758E-6        0.0
5.7474634347184015        0.6657777777777778        2.4734099955728758E-6        0.0
5.7474634347184015        0.6657777777777778        2.4734099955728758E-6        0.0
Iteration 47/50 completed.
5.7474634347184015        0.6657777777777778        2.4734099955728758E-6        0.0
5.7474634347184015        0.6657777777777778        2.4734099955728758E-6        0.0
5.747463434718402        0.6657777777777778        2.4734099955728758E-6        0.0
5.747463434718402        0.6657777777777778        2.4734099955728758E-6        0.0
5.7474634347184015        0.6657777777777778        2.4734099955728758E-6        0.0
5.747463434718402        0.6657777777777778        2.4734099955728758E-6        0.0
5.747463434718402        0.6657777777777778        2.4734099955728758E-6        0.0
5.7474634347184015        0.6657777777777778        2.4734099955728758E-6        0.0
5.747463434718402        0.6657777777777778        2.4734099955728758E-6        0.0
5.7474634347184015        0.6657777777777778        2.4734099955728758E-6        0.0
5.7474634347184015        0.6657777777777778        2.4734099955728758E-6        0.0
5.7474634347184015        0.6657777777777778        2.4734099955728758E-6        0.0
5.747463434718402        0.6657777777777778        2.4734099955728758E-6        0.0
5.747463434718402        0.6657777777777778        2.4734099955728758E-6        0.0
5.7474634347184015        0.6657777777777778        2.4734099955728758E-6        0.0
5.7474634347184015        0.6657777777777778        2.4734099955728758E-6        0.0
5.7474634347184015        0.6657777777777778        2.4734099955728758E-6        0.0
5.7474634347184015        0.6657777777777778        2.4734099955728758E-6        0.0
5.747463434718402        0.6657777777777778        2.4734099955728758E-6        0.0
5.747463434718402        0.6657777777777778        2.4734099955728758E-6        0.0
Iteration 48/50 completed.
5.7474634347184015        0.6657777777777778        2.4734099955728758E-6        0.0
5.7474634347184015        0.6657777777777778        2.4734099955728758E-6        0.0
5.7474634347184015        0.6657777777777778        2.4734099955728758E-6        0.0
5.7474634347184015        0.6657777777777778        2.4734099955728758E-6        0.0
5.747463434718402        0.6657777777777778        2.4734099955728758E-6        0.0
5.7474634347184015        0.6657777777777778        2.4734099955728758E-6        0.0
5.7474634347184015        0.6657777777777778        2.4734099955728758E-6        0.0
5.7474634347184015        0.6657777777777778        2.4734099955728758E-6        0.0
5.747463434718402        0.6657777777777778        2.4734099955728758E-6        0.0
5.747463434718402        0.6657777777777778        2.4734099955728758E-6        0.0
5.7474634347184015        0.6657777777777778        2.4734099955728758E-6        0.0
5.7474634347184015        0.6657777777777778        2.4734099955728758E-6        0.0
5.7474634347184015        0.6657777777777778        2.4734099955728758E-6        0.0
5.7474634347184015        0.6657777777777778        2.4734099955728758E-6        0.0
5.7474634347184015        0.6657777777777778        2.4734099955728758E-6        0.0
5.7474634347184015        0.6657777777777778        2.4734099955728758E-6        0.0
5.7474634347184015        0.6657777777777778        2.4734099955728758E-6        0.0
5.7474634347184015        0.6657777777777778        2.4734099955728758E-6        0.0
5.747463434718402        0.6657777777777778        2.4734099955728758E-6        0.0
5.7474634347184015        0.6657777777777778        2.4734099955728758E-6        0.0
Iteration 49/50 completed.
5.7474634347184015        0.6657777777777778        2.4734099955728758E-6        0.0
5.7474634347184015        0.6657777777777778        2.4734099955728758E-6        0.0
5.7474634347184015        0.6657777777777778        2.4734099955728758E-6        0.0
5.7474634347184015        0.6657777777777778        2.4734099955728758E-6        0.0
5.7474634347184015        0.6657777777777778        2.4734099955728758E-6        0.0
5.7474634347184015        0.6657777777777778        2.4734099955728758E-6        0.0
5.7474634347184015        0.6657777777777778        2.4734099955728758E-6        0.0
5.7474634347184015        0.6657777777777778        2.4734099955728758E-6        0.0
5.7474634347184015        0.6657777777777778        2.4734099955728758E-6        0.0
5.7474634347184015        0.6657777777777778        2.4734099955728758E-6        0.0
5.7474634347184015        0.6657777777777778        2.4734099955728758E-6        0.0
5.7474634347184015        0.6657777777777778        2.4734099955728758E-6        0.0
5.7474634347184015        0.6657777777777778        2.4734099955728758E-6        0.0
5.7474634347184015        0.6657777777777778        2.4734099955728758E-6        0.0
5.7474634347184015        0.6657777777777778        2.4734099955728758E-6        0.0
5.747463434718402        0.6657777777777778        2.4734099955728758E-6        0.0
5.747463434718402        0.6657777777777778        2.4734099955728758E-6        0.0
5.747463434718402        0.6657777777777778        2.4734099955728758E-6        0.0
5.7474634347184015        0.6657777777777778        2.4734099955728758E-6        0.0
5.747463434718402        0.6657777777777778        2.4734099955728758E-6        0.0
Iteration 50/50 completed.
